,comments,posts,followers,points,overview_page_views,analysis_page_views,markets_page_views,charts_page_views,trades_page_views,forum_page_views,influence_page_views,total_page_views,fb_likes,fb_talking_about,twitter_followers,twitter_following,twitter_lists,twitter_favourites,twitter_statuses,reddit_subscribers,reddit_active_users,reddit_posts_per_hour,reddit_posts_per_day,reddit_comments_per_hour,reddit_comments_per_day,code_repo_stars,code_repo_forks,code_repo_subscribers,code_repo_open_pull_issues,code_repo_closed_pull_issues,code_repo_open_issues,code_repo_closed_issues,code_repo_contributors,time
0,0,0,0,0,0,0,0,0,0,0,0,0,0,0,0,0,0,0,0,0,0,0,0,0,0,0,0,0,0,0,0,0,0,1483142400
1,0,0,0,0,0,0,0,0,0,0,0,0,0,0,0,0,0,0,0,0,0,0,0,0,0,0,0,0,0,0,0,0,0,1483228800
2,0,0,0,0,0,0,0,0,0,0,0,0,0,0,0,0,0,0,0,0,0,0,0,0,0,0,0,0,0,0,0,0,0,1483315200
3,0,0,0,0,0,0,0,0,0,0,0,0,0,0,0,0,0,0,0,0,0,0,0,0,0,0,0,0,0,0,0,0,0,1483401600
4,0,0,0,0,0,0,0,0,0,0,0,0,0,0,0,0,0,0,0,0,0,0,0,0,0,0,0,0,0,0,0,0,0,1483488000
5,0,0,0,0,0,0,0,0,0,0,0,0,0,0,0,0,0,0,0,0,0,0,0,0,0,0,0,0,0,0,0,0,0,1483574400
6,0,0,0,0,0,0,0,0,0,0,0,0,0,0,0,0,0,0,0,0,0,0,0,0,0,0,0,0,0,0,0,0,0,1483660800
7,0,0,0,0,0,0,0,0,0,0,0,0,0,0,0,0,0,0,0,0,0,0,0,0,0,0,0,0,0,0,0,0,0,1483747200
8,0,0,0,0,0,0,0,0,0,0,0,0,0,0,0,0,0,0,0,0,0,0,0,0,0,0,0,0,0,0,0,0,0,1483833600
9,0,0,0,0,0,0,0,0,0,0,0,0,0,0,0,0,0,0,0,0,0,0,0,0,0,0,0,0,0,0,0,0,0,1483920000
10,0,0,0,0,0,0,0,0,0,0,0,0,0,0,0,0,0,0,0,0,0,0,0,0,0,0,0,0,0,0,0,0,0,1484006400
11,0,0,0,0,0,0,0,0,0,0,0,0,0,0,0,0,0,0,0,0,0,0,0,0,0,0,0,0,0,0,0,0,0,1484092800
12,0,0,0,0,0,0,0,0,0,0,0,0,0,0,0,0,0,0,0,0,0,0,0,0,0,0,0,0,0,0,0,0,0,1484179200
13,0,0,0,0,0,0,0,0,0,0,0,0,0,0,0,0,0,0,0,0,0,0,0,0,0,0,0,0,0,0,0,0,0,1484265600
14,0,0,0,0,0,0,0,0,0,0,0,0,0,0,0,0,0,0,0,0,0,0,0,0,0,0,0,0,0,0,0,0,0,1484352000
15,0,0,0,0,0,0,0,0,0,0,0,0,0,0,0,0,0,0,0,0,0,0,0,0,0,0,0,0,0,0,0,0,0,1484438400
16,0,0,0,0,0,0,0,0,0,0,0,0,0,0,0,0,0,0,0,0,0,0,0,0,0,0,0,0,0,0,0,0,0,1484524800
17,0,0,0,0,0,0,0,0,0,0,0,0,0,0,0,0,0,0,0,0,0,0,0,0,0,0,0,0,0,0,0,0,0,1484611200
18,0,0,0,0,0,0,0,0,0,0,0,0,0,0,0,0,0,0,0,0,0,0,0,0,0,0,0,0,0,0,0,0,0,1484697600
19,0,0,0,0,0,0,0,0,0,0,0,0,0,0,0,0,0,0,0,0,0,0,0,0,0,0,0,0,0,0,0,0,0,1484784000
20,0,0,0,0,0,0,0,0,0,0,0,0,0,0,0,0,0,0,0,0,0,0,0,0,0,0,0,0,0,0,0,0,0,1484870400
21,0,0,0,0,0,0,0,0,0,0,0,0,0,0,0,0,0,0,0,0,0,0,0,0,0,0,0,0,0,0,0,0,0,1484956800
22,0,0,0,0,0,0,0,0,0,0,0,0,0,0,0,0,0,0,0,0,0,0,0,0,0,0,0,0,0,0,0,0,0,1485043200
23,0,0,0,0,0,0,0,0,0,0,0,0,0,0,0,0,0,0,0,0,0,0,0,0,0,0,0,0,0,0,0,0,0,1485129600
24,0,0,0,0,0,0,0,0,0,0,0,0,0,0,0,0,0,0,0,0,0,0,0,0,0,0,0,0,0,0,0,0,0,1485216000
25,0,0,0,0,0,0,0,0,0,0,0,0,0,0,0,0,0,0,0,0,0,0,0,0,0,0,0,0,0,0,0,0,0,1485302400
26,0,0,0,0,0,0,0,0,0,0,0,0,0,0,0,0,0,0,0,0,0,0,0,0,0,0,0,0,0,0,0,0,0,1485388800
27,0,0,0,0,0,0,0,0,0,0,0,0,0,0,0,0,0,0,0,0,0,0,0,0,0,0,0,0,0,0,0,0,0,1485475200
28,0,0,0,0,0,0,0,0,0,0,0,0,0,0,0,0,0,0,0,0,0,0,0,0,0,0,0,0,0,0,0,0,0,1485561600
29,0,0,0,0,0,0,0,0,0,0,0,0,0,0,0,0,0,0,0,0,0,0,0,0,0,0,0,0,0,0,0,0,0,1485648000
30,0,0,0,0,0,0,0,0,0,0,0,0,0,0,0,0,0,0,0,0,0,0,0,0,0,0,0,0,0,0,0,0,0,1485734400
31,0,0,0,0,0,0,0,0,0,0,0,0,0,0,0,0,0,0,0,0,0,0,0,0,0,0,0,0,0,0,0,0,0,1485820800
32,0,0,0,0,0,0,0,0,0,0,0,0,0,0,0,0,0,0,0,0,0,0,0,0,0,0,0,0,0,0,0,0,0,1485907200
33,0,0,0,0,0,0,0,0,0,0,0,0,0,0,0,0,0,0,0,0,0,0,0,0,0,0,0,0,0,0,0,0,0,1485993600
34,0,0,0,0,0,0,0,0,0,0,0,0,0,0,0,0,0,0,0,0,0,0,0,0,0,0,0,0,0,0,0,0,0,1486080000
35,0,0,0,0,0,0,0,0,0,0,0,0,0,0,0,0,0,0,0,0,0,0,0,0,0,0,0,0,0,0,0,0,0,1486166400
36,0,0,0,0,0,0,0,0,0,0,0,0,0,0,0,0,0,0,0,0,0,0,0,0,0,0,0,0,0,0,0,0,0,1486252800
37,0,0,0,0,0,0,0,0,0,0,0,0,0,0,0,0,0,0,0,0,0,0,0,0,0,0,0,0,0,0,0,0,0,1486339200
38,0,0,0,0,0,0,0,0,0,0,0,0,0,0,0,0,0,0,0,0,0,0,0,0,0,0,0,0,0,0,0,0,0,1486425600
39,0,0,0,0,0,0,0,0,0,0,0,0,0,0,0,0,0,0,0,0,0,0,0,0,0,0,0,0,0,0,0,0,0,1486512000
40,0,0,0,0,0,0,0,0,0,0,0,0,0,0,0,0,0,0,0,0,0,0,0,0,0,0,0,0,0,0,0,0,0,1486598400
41,0,0,0,0,0,0,0,0,0,0,0,0,0,0,0,0,0,0,0,0,0,0,0,0,0,0,0,0,0,0,0,0,0,1486684800
42,0,0,0,0,0,0,0,0,0,0,0,0,0,0,0,0,0,0,0,0,0,0,0,0,0,0,0,0,0,0,0,0,0,1486771200
43,0,0,0,0,0,0,0,0,0,0,0,0,0,0,0,0,0,0,0,0,0,0,0,0,0,0,0,0,0,0,0,0,0,1486857600
44,0,0,0,0,0,0,0,0,0,0,0,0,0,0,0,0,0,0,0,0,0,0,0,0,0,0,0,0,0,0,0,0,0,1486944000
45,0,0,0,0,0,0,0,0,0,0,0,0,0,0,0,0,0,0,0,0,0,0,0,0,0,0,0,0,0,0,0,0,0,1487030400
46,0,0,0,0,0,0,0,0,0,0,0,0,0,0,0,0,0,0,0,0,0,0,0,0,0,0,0,0,0,0,0,0,0,1487116800
47,0,0,0,0,0,0,0,0,0,0,0,0,0,0,0,0,0,0,0,0,0,0,0,0,0,0,0,0,0,0,0,0,0,1487203200
48,0,0,0,0,0,0,0,0,0,0,0,0,0,0,0,0,0,0,0,0,0,0,0,0,0,0,0,0,0,0,0,0,0,1487289600
49,0,0,0,0,0,0,0,0,0,0,0,0,0,0,0,0,0,0,0,0,0,0,0,0,0,0,0,0,0,0,0,0,0,1487376000
50,0,0,0,0,0,0,0,0,0,0,0,0,0,0,0,0,0,0,0,0,0,0,0,0,0,0,0,0,0,0,0,0,0,1487462400
51,0,0,0,0,0,0,0,0,0,0,0,0,0,0,0,0,0,0,0,0,0,0,0,0,0,0,0,0,0,0,0,0,0,1487548800
52,0,0,0,0,0,0,0,0,0,0,0,0,0,0,0,0,0,0,0,0,0,0,0,0,0,0,0,0,0,0,0,0,0,1487635200
53,0,0,0,0,0,0,0,0,0,0,0,0,0,0,0,0,0,0,0,0,0,0,0,0,0,0,0,0,0,0,0,0,0,1487721600
54,0,0,0,0,0,0,0,0,0,0,0,0,0,0,0,0,0,0,0,0,0,0,0,0,0,0,0,0,0,0,0,0,0,1487808000
55,0,0,0,0,0,0,0,0,0,0,0,0,0,0,0,0,0,0,0,0,0,0,0,0,0,0,0,0,0,0,0,0,0,1487894400
56,0,0,0,0,0,0,0,0,0,0,0,0,0,0,0,0,0,0,0,0,0,0,0,0,0,0,0,0,0,0,0,0,0,1487980800
57,0,0,0,0,0,0,0,0,0,0,0,0,0,0,0,0,0,0,0,0,0,0,0,0,0,0,0,0,0,0,0,0,0,1488067200
58,0,0,0,0,0,0,0,0,0,0,0,0,0,0,0,0,0,0,0,0,0,0,0,0,0,0,0,0,0,0,0,0,0,1488153600
59,0,0,0,0,0,0,0,0,0,0,0,0,0,0,0,0,0,0,0,0,0,0,0,0,0,0,0,0,0,0,0,0,0,1488240000
60,0,0,0,0,0,0,0,0,0,0,0,0,0,0,0,0,0,0,0,0,0,0,0,0,0,0,0,0,0,0,0,0,0,1488326400
61,0,0,0,0,0,0,0,0,0,0,0,0,0,0,0,0,0,0,0,0,0,0,0,0,0,0,0,0,0,0,0,0,0,1488412800
62,0,0,0,0,0,0,0,0,0,0,0,0,0,0,0,0,0,0,0,0,0,0,0,0,0,0,0,0,0,0,0,0,0,1488499200
63,0,0,0,0,0,0,0,0,0,0,0,0,0,0,0,0,0,0,0,0,0,0,0,0,0,0,0,0,0,0,0,0,0,1488585600
64,0,0,0,0,0,0,0,0,0,0,0,0,0,0,0,0,0,0,0,0,0,0,0,0,0,0,0,0,0,0,0,0,0,1488672000
65,0,0,0,0,0,0,0,0,0,0,0,0,0,0,0,0,0,0,0,0,0,0,0,0,0,0,0,0,0,0,0,0,0,1488758400
66,0,0,0,0,0,0,0,0,0,0,0,0,0,0,0,0,0,0,0,0,0,0,0,0,0,0,0,0,0,0,0,0,0,1488844800
67,0,0,0,0,0,0,0,0,0,0,0,0,0,0,0,0,0,0,0,0,0,0,0,0,0,0,0,0,0,0,0,0,0,1488931200
68,0,0,0,0,0,0,0,0,0,0,0,0,0,0,0,0,0,0,0,0,0,0,0,0,0,0,0,0,0,0,0,0,0,1489017600
69,0,0,0,0,0,0,0,0,0,0,0,0,0,0,0,0,0,0,0,0,0,0,0,0,0,0,0,0,0,0,0,0,0,1489104000
70,0,0,0,0,0,0,0,0,0,0,0,0,0,0,0,0,0,0,0,0,0,0,0,0,0,0,0,0,0,0,0,0,0,1489190400
71,0,0,0,0,0,0,0,0,0,0,0,0,0,0,0,0,0,0,0,0,0,0,0,0,0,0,0,0,0,0,0,0,0,1489276800
72,0,0,0,0,0,0,0,0,0,0,0,0,0,0,0,0,0,0,0,0,0,0,0,0,0,0,0,0,0,0,0,0,0,1489363200
73,0,0,0,0,0,0,0,0,0,0,0,0,0,0,0,0,0,0,0,0,0,0,0,0,0,0,0,0,0,0,0,0,0,1489449600
74,0,0,0,0,0,0,0,0,0,0,0,0,0,0,0,0,0,0,0,0,0,0,0,0,0,0,0,0,0,0,0,0,0,1489536000
75,0,0,0,0,0,0,0,0,0,0,0,0,0,0,0,0,0,0,0,0,0,0,0,0,0,0,0,0,0,0,0,0,0,1489622400
76,0,0,0,0,0,0,0,0,0,0,0,0,0,0,0,0,0,0,0,0,0,0,0,0,0,0,0,0,0,0,0,0,0,1489708800
77,0,0,0,0,0,0,0,0,0,0,0,0,0,0,0,0,0,0,0,0,0,0,0,0,0,0,0,0,0,0,0,0,0,1489795200
78,0,0,0,0,0,0,0,0,0,0,0,0,0,0,0,0,0,0,0,0,0,0,0,0,0,0,0,0,0,0,0,0,0,1489881600
79,0,0,0,0,0,0,0,0,0,0,0,0,0,0,0,0,0,0,0,0,0,0,0,0,0,0,0,0,0,0,0,0,0,1489968000
80,0,0,0,0,0,0,0,0,0,0,0,0,0,0,0,0,0,0,0,0,0,0,0,0,0,0,0,0,0,0,0,0,0,1490054400
81,0,0,0,0,0,0,0,0,0,0,0,0,0,0,0,0,0,0,0,0,0,0,0,0,0,0,0,0,0,0,0,0,0,1490140800
82,0,0,0,0,0,0,0,0,0,0,0,0,0,0,0,0,0,0,0,0,0,0,0,0,0,0,0,0,0,0,0,0,0,1490227200
83,0,0,0,0,0,0,0,0,0,0,0,0,0,0,0,0,0,0,0,0,0,0,0,0,0,0,0,0,0,0,0,0,0,1490313600
84,0,0,0,0,0,0,0,0,0,0,0,0,0,0,0,0,0,0,0,0,0,0,0,0,0,0,0,0,0,0,0,0,0,1490400000
85,0,0,0,0,0,0,0,0,0,0,0,0,0,0,0,0,0,0,0,0,0,0,0,0,0,0,0,0,0,0,0,0,0,1490486400
86,0,0,0,0,0,0,0,0,0,0,0,0,0,0,0,0,0,0,0,0,0,0,0,0,0,0,0,0,0,0,0,0,0,1490572800
87,0,0,0,0,0,0,0,0,0,0,0,0,0,0,0,0,0,0,0,0,0,0,0,0,0,0,0,0,0,0,0,0,0,1490659200
88,0,0,0,0,0,0,0,0,0,0,0,0,0,0,0,0,0,0,0,0,0,0,0,0,0,0,0,0,0,0,0,0,0,1490745600
89,0,0,0,0,0,0,0,0,0,0,0,0,0,0,0,0,0,0,0,0,0,0,0,0,0,0,0,0,0,0,0,0,0,1490832000
90,0,0,0,0,0,0,0,0,0,0,0,0,0,0,0,0,0,0,0,0,0,0,0,0,0,0,0,0,0,0,0,0,0,1490918400
91,0,0,0,0,0,0,0,0,0,0,0,0,0,0,0,0,0,0,0,0,0,0,0,0,0,0,0,0,0,0,0,0,0,1491004800
92,0,0,0,0,0,0,0,0,0,0,0,0,0,0,0,0,0,0,0,0,0,0,0,0,0,0,0,0,0,0,0,0,0,1491091200
93,0,0,0,0,0,0,0,0,0,0,0,0,0,0,0,0,0,0,0,0,0,0,0,0,0,0,0,0,0,0,0,0,0,1491177600
94,0,0,0,0,0,0,0,0,0,0,0,0,0,0,0,0,0,0,0,0,0,0,0,0,0,0,0,0,0,0,0,0,0,1491264000
95,0,0,0,0,0,0,0,0,0,0,0,0,0,0,0,0,0,0,0,0,0,0,0,0,0,0,0,0,0,0,0,0,0,1491350400
96,0,0,0,0,0,0,0,0,0,0,0,0,0,0,0,0,0,0,0,0,0,0,0,0,0,0,0,0,0,0,0,0,0,1491436800
97,0,0,0,0,0,0,0,0,0,0,0,0,0,0,0,0,0,0,0,0,0,0,0,0,0,0,0,0,0,0,0,0,0,1491523200
98,0,0,0,0,0,0,0,0,0,0,0,0,0,0,0,0,0,0,0,0,0,0,0,0,0,0,0,0,0,0,0,0,0,1491609600
99,0,0,0,0,0,0,0,0,0,0,0,0,0,0,0,0,0,0,0,0,0,0,0,0,0,0,0,0,0,0,0,0,0,1491696000
100,0,0,0,0,0,0,0,0,0,0,0,0,0,0,0,0,0,0,0,0,0,0,0,0,0,0,0,0,0,0,0,0,0,1491782400
101,0,0,0,0,0,0,0,0,0,0,0,0,0,0,0,0,0,0,0,0,0,0,0,0,0,0,0,0,0,0,0,0,0,1491868800
102,0,0,0,0,0,0,0,0,0,0,0,0,0,0,0,0,0,0,0,0,0,0,0,0,0,0,0,0,0,0,0,0,0,1491955200
103,0,0,0,0,0,0,0,0,0,0,0,0,0,0,0,0,0,0,0,0,0,0,0,0,0,0,0,0,0,0,0,0,0,1492041600
104,0,0,0,0,0,0,0,0,0,0,0,0,0,0,0,0,0,0,0,0,0,0,0,0,0,0,0,0,0,0,0,0,0,1492128000
105,0,0,0,0,0,0,0,0,0,0,0,0,0,0,0,0,0,0,0,0,0,0,0,0,0,0,0,0,0,0,0,0,0,1492214400
106,0,0,0,0,0,0,0,0,0,0,0,0,0,0,0,0,0,0,0,0,0,0,0,0,0,0,0,0,0,0,0,0,0,1492300800
107,0,0,0,0,0,0,0,0,0,0,0,0,0,0,0,0,0,0,0,0,0,0,0,0,0,0,0,0,0,0,0,0,0,1492387200
108,0,0,0,0,0,0,0,0,0,0,0,0,0,0,0,0,0,0,0,0,0,0,0,0,0,0,0,0,0,0,0,0,0,1492473600
109,0,0,0,0,0,0,0,0,0,0,0,0,0,0,0,0,0,0,0,0,0,0,0,0,0,0,0,0,0,0,0,0,0,1492560000
110,0,0,0,0,0,0,0,0,0,0,0,0,0,0,0,0,0,0,0,0,0,0,0,0,0,0,0,0,0,0,0,0,0,1492646400
111,0,0,0,0,0,0,0,0,0,0,0,0,0,0,0,0,0,0,0,0,0,0,0,0,0,0,0,0,0,0,0,0,0,1492732800
112,0,0,0,0,0,0,0,0,0,0,0,0,0,0,0,0,0,0,0,0,0,0,0,0,0,0,0,0,0,0,0,0,0,1492819200
113,0,0,0,0,0,0,0,0,0,0,0,0,0,0,0,0,0,0,0,0,0,0,0,0,0,0,0,0,0,0,0,0,0,1492905600
114,0,0,0,0,0,0,0,0,0,0,0,0,0,0,0,0,0,0,0,0,0,0,0,0,0,0,0,0,0,0,0,0,0,1492992000
115,0,0,0,0,0,0,0,0,0,0,0,0,0,0,0,0,0,0,0,0,0,0,0,0,0,0,0,0,0,0,0,0,0,1493078400
116,0,0,0,0,0,0,0,0,0,0,0,0,0,0,0,0,0,0,0,0,0,0,0,0,0,0,0,0,0,0,0,0,0,1493164800
117,0,0,0,0,0,0,0,0,0,0,0,0,0,0,0,0,0,0,0,0,0,0,0,0,0,0,0,0,0,0,0,0,0,1493251200
118,0,0,0,0,0,0,0,0,0,0,0,0,0,0,0,0,0,0,0,0,0,0,0,0,0,0,0,0,0,0,0,0,0,1493337600
119,0,0,0,0,0,0,0,0,0,0,0,0,0,0,0,0,0,0,0,0,0,0,0,0,0,0,0,0,0,0,0,0,0,1493424000
120,0,0,0,0,0,0,0,0,0,0,0,0,0,0,0,0,0,0,0,0,0,0,0,0,0,0,0,0,0,0,0,0,0,1493510400
121,0,0,0,0,0,0,0,0,0,0,0,0,0,0,0,0,0,0,0,0,0,0,0,0,0,0,0,0,0,0,0,0,0,1493596800
122,0,0,0,0,0,0,0,0,0,0,0,0,0,0,0,0,0,0,0,0,0,0,0,0,0,0,0,0,0,0,0,0,0,1493683200
123,0,0,0,0,0,0,0,0,0,0,0,0,0,0,0,0,0,0,0,0,0,0,0,0,0,0,0,0,0,0,0,0,0,1493769600
124,0,0,0,0,0,0,0,0,0,0,0,0,0,0,0,0,0,0,0,0,0,0,0,0,0,0,0,0,0,0,0,0,0,1493856000
125,0,0,0,0,0,0,0,0,0,0,0,0,0,0,0,0,0,0,0,0,0,0,0,0,0,0,0,0,0,0,0,0,0,1493942400
126,0,0,0,0,0,0,0,0,0,0,0,0,0,0,0,0,0,0,0,0,0,0,0,0,0,0,0,0,0,0,0,0,0,1494028800
127,0,0,0,0,0,0,0,0,0,0,0,0,0,0,0,0,0,0,0,0,0,0,0,0,0,0,0,0,0,0,0,0,0,1494115200
128,0,0,0,0,0,0,0,0,0,0,0,0,0,0,0,0,0,0,0,0,0,0,0,0,0,0,0,0,0,0,0,0,0,1494201600
129,0,0,0,0,0,0,0,0,0,0,0,0,0,0,0,0,0,0,0,0,0,0,0,0,0,0,0,0,0,0,0,0,0,1494288000
130,0,0,0,0,0,0,0,0,0,0,0,0,0,0,0,0,0,0,0,0,0,0,0,0,0,0,0,0,0,0,0,0,0,1494374400
131,0,0,0,0,0,0,0,0,0,0,0,0,0,0,0,0,0,0,0,0,0,0,0,0,0,0,0,0,0,0,0,0,0,1494460800
132,0,0,0,0,0,0,0,0,0,0,0,0,0,0,0,0,0,0,0,0,0,0,0,0,0,0,0,0,0,0,0,0,0,1494547200
133,0,0,0,0,0,0,0,0,0,0,0,0,0,0,0,0,0,0,0,0,0,0,0,0,0,0,0,0,0,0,0,0,0,1494633600
134,0,0,0,0,0,0,0,0,0,0,0,0,0,0,0,0,0,0,0,0,0,0,0,0,0,0,0,0,0,0,0,0,0,1494720000
135,0,0,0,0,0,0,0,0,0,0,0,0,0,0,0,0,0,0,0,0,0,0,0,0,0,0,0,0,0,0,0,0,0,1494806400
136,0,0,0,0,0,0,0,0,0,0,0,0,0,0,0,0,0,0,0,0,0,0,0,0,0,0,0,0,0,0,0,0,0,1494892800
137,0,0,0,0,0,0,0,0,0,0,0,0,0,0,0,0,0,0,0,0,0,0,0,0,0,0,0,0,0,0,0,0,0,1494979200
138,0,0,0,0,0,0,0,0,0,0,0,0,0,0,0,0,0,0,0,0,0,0,0,0,0,0,0,0,0,0,0,0,0,1495065600
139,0,0,0,0,0,0,0,0,0,0,0,0,0,0,0,0,0,0,0,0,0,0,0,0,0,0,0,0,0,0,0,0,0,1495152000
140,0,0,0,0,0,0,0,0,0,0,0,0,0,0,0,0,0,0,0,0,0,0,0,0,0,0,0,0,0,0,0,0,0,1495238400
141,0,0,0,0,0,0,0,0,0,0,0,0,0,0,0,0,0,0,0,0,0,0,0,0,0,0,0,0,0,0,0,0,0,1495324800
142,0,0,0,0,0,0,0,0,0,0,0,0,0,0,0,0,0,0,0,0,0,0,0,0,0,0,0,0,0,0,0,0,0,1495411200
143,0,0,0,0,0,0,0,0,0,0,0,0,0,0,0,0,0,0,0,0,0,0,0,0,0,0,0,0,0,0,0,0,0,1495497600
144,0,0,0,0,0,0,0,0,0,0,0,0,0,0,0,0,0,0,0,0,0,0,0,0,0,0,0,0,0,0,0,0,0,1495584000
145,0,0,0,0,0,0,0,0,0,0,0,0,0,0,0,0,0,0,0,0,0,0,0,0,0,0,0,0,0,0,0,0,0,1495670400
146,0,0,0,0,0,0,0,0,0,0,0,0,0,0,0,0,0,0,0,0,0,0,0,0,0,0,0,0,0,0,0,0,0,1495756800
147,0,0,0,0,0,0,0,0,0,0,0,0,0,0,0,0,0,0,0,0,0,0,0,0,0,0,0,0,0,0,0,0,0,1495843200
148,0,0,0,0,0,0,0,0,0,0,0,0,0,0,0,0,0,0,0,0,0,0,0,0,0,0,0,0,0,0,0,0,0,1495929600
149,0,0,0,0,0,0,0,0,0,0,0,0,0,0,0,0,0,0,0,0,0,0,0,0,0,0,0,0,0,0,0,0,0,1496016000
150,0,0,0,0,0,0,0,0,0,0,0,0,0,0,0,0,0,0,0,0,0,0,0,0,0,0,0,0,0,0,0,0,0,1496102400
151,0,0,0,0,0,0,0,0,0,0,0,0,0,0,0,0,0,0,0,0,0,0,0,0,0,0,0,0,0,0,0,0,0,1496188800
152,0,0,0,0,0,0,0,0,0,0,0,0,0,0,0,0,0,0,0,0,0,0,0,0,0,0,0,0,0,0,0,0,0,1496275200
153,0,0,0,0,0,0,0,0,0,0,0,0,0,0,0,0,0,0,0,0,0,0,0,0,0,0,0,0,0,0,0,0,0,1496361600
154,0,0,0,0,0,0,0,0,0,0,0,0,0,0,0,0,0,0,0,0,0,0,0,0,0,0,0,0,0,0,0,0,0,1496448000
155,0,0,0,0,0,0,0,0,0,0,0,0,0,0,0,0,0,0,0,0,0,0,0,0,0,0,0,0,0,0,0,0,0,1496534400
156,0,0,0,0,0,0,0,0,0,0,0,0,0,0,0,0,0,0,0,0,0,0,0,0,0,0,0,0,0,0,0,0,0,1496620800
157,0,0,0,0,0,0,0,0,0,0,0,0,0,0,0,0,0,0,0,0,0,0,0,0,0,0,0,0,0,0,0,0,0,1496707200
158,0,0,0,0,0,0,0,0,0,0,0,0,0,0,0,0,0,0,0,0,0,0,0,0,0,0,0,0,0,0,0,0,0,1496793600
159,0,0,0,0,0,0,0,0,0,0,0,0,0,0,0,0,0,0,0,0,0,0,0,0,0,0,0,0,0,0,0,0,0,1496880000
160,0,0,0,0,0,0,0,0,0,0,0,0,0,0,0,0,0,0,0,0,0,0,0,0,0,0,0,0,0,0,0,0,0,1496966400
161,0,0,0,0,0,0,0,0,0,0,0,0,0,0,0,0,0,0,0,0,0,0,0,0,0,0,0,0,0,0,0,0,0,1497052800
162,0,0,0,0,0,0,0,0,0,0,0,0,0,0,0,0,0,0,0,0,0,0,0,0,0,0,0,0,0,0,0,0,0,1497139200
163,0,0,0,0,0,0,0,0,0,0,0,0,0,0,0,0,0,0,0,0,0,0,0,0,0,0,0,0,0,0,0,0,0,1497225600
164,0,0,0,0,0,0,0,0,0,0,0,0,0,0,0,0,0,0,0,0,0,0,0,0,0,0,0,0,0,0,0,0,0,1497312000
165,0,0,0,0,0,0,0,0,0,0,0,0,0,0,0,0,0,0,0,0,0,0,0,0,0,0,0,0,0,0,0,0,0,1497398400
166,0,0,0,0,0,0,0,0,0,0,0,0,0,0,0,0,0,0,0,0,0,0,0,0,0,0,0,0,0,0,0,0,0,1497484800
167,0,0,0,0,0,0,0,0,0,0,0,0,0,0,0,0,0,0,0,0,0,0,0,0,0,0,0,0,0,0,0,0,0,1497571200
168,0,0,0,0,0,0,0,0,0,0,0,0,0,0,0,0,0,0,0,0,0,0,0,0,0,0,0,0,0,0,0,0,0,1497657600
169,0,0,0,0,0,0,0,0,0,0,0,0,0,0,0,0,0,0,0,0,0,0,0,0,0,0,0,0,0,0,0,0,0,1497744000
170,0,0,0,0,0,0,0,0,0,0,0,0,0,0,0,0,0,0,0,0,0,0,0,0,0,0,0,0,0,0,0,0,0,1497830400
171,0,0,0,0,0,0,0,0,0,0,0,0,0,0,0,0,0,0,0,0,0,0,0,0,0,0,0,0,0,0,0,0,0,1497916800
172,0,0,0,0,0,0,0,0,0,0,0,0,0,0,0,0,0,0,0,0,0,0,0,0,0,0,0,0,0,0,0,0,0,1498003200
173,0,0,0,0,0,0,0,0,0,0,0,0,0,0,0,0,0,0,0,0,0,0,0,0,0,0,0,0,0,0,0,0,0,1498089600
174,0,0,0,0,0,0,0,0,0,0,0,0,0,0,0,0,0,0,0,0,0,0,0,0,0,0,0,0,0,0,0,0,0,1498176000
175,0,0,0,0,0,0,0,0,0,0,0,0,0,0,0,0,0,0,0,0,0,0,0,0,0,0,0,0,0,0,0,0,0,1498262400
176,0,0,0,0,0,0,0,0,0,0,0,0,0,0,0,0,0,0,0,0,0,0,0,0,0,0,0,0,0,0,0,0,0,1498348800
177,0,0,0,0,0,0,0,0,0,0,0,0,0,0,0,0,0,0,0,0,0,0,0,0,0,0,0,0,0,0,0,0,0,1498435200
178,0,0,0,0,0,0,0,0,0,0,0,0,0,0,0,0,0,0,0,0,0,0,0,0,0,0,0,0,0,0,0,0,0,1498521600
179,0,0,0,0,0,0,0,0,0,0,0,0,0,0,0,0,0,0,0,0,0,0,0,0,0,0,0,0,0,0,0,0,0,1498608000
180,0,0,0,0,0,0,0,0,0,0,0,0,0,0,0,0,0,0,0,0,0,0,0,0,0,0,0,0,0,0,0,0,0,1498694400
181,0,0,0,0,0,0,0,0,0,0,0,0,0,0,0,0,0,0,0,0,0,0,0,0,0,0,0,0,0,0,0,0,0,1498780800
182,0,0,0,0,0,0,0,0,0,0,0,0,0,0,0,0,0,0,0,0,0,0,0,0,0,0,0,0,0,0,0,0,0,1498867200
183,0,0,0,0,0,0,0,0,0,0,0,0,0,0,0,0,0,0,0,0,0,0,0,0,0,0,0,0,0,0,0,0,0,1498953600
184,0,0,0,0,0,0,0,0,0,0,0,0,0,0,0,0,0,0,0,0,0,0,0,0,0,0,0,0,0,0,0,0,0,1499040000
185,0,0,0,0,0,0,0,0,0,0,0,0,0,0,0,0,0,0,0,0,0,0,0,0,0,0,0,0,0,0,0,0,0,1499126400
186,0,0,0,0,0,0,0,0,0,0,0,0,0,0,0,0,0,0,0,0,0,0,0,0,0,0,0,0,0,0,0,0,0,1499212800
187,0,0,0,0,0,0,0,0,0,0,0,0,0,0,0,0,0,0,0,0,0,0,0,0,0,0,0,0,0,0,0,0,0,1499299200
188,0,0,0,0,0,0,0,0,0,0,0,0,0,0,0,0,0,0,0,0,0,0,0,0,0,0,0,0,0,0,0,0,0,1499385600
189,0,0,0,0,0,0,0,0,0,0,0,0,0,0,0,0,0,0,0,0,0,0,0,0,0,0,0,0,0,0,0,0,0,1499472000
190,0,0,0,0,0,0,0,0,0,0,0,0,0,0,0,0,0,0,0,0,0,0,0,0,0,0,0,0,0,0,0,0,0,1499558400
191,0,0,0,0,0,0,0,0,0,0,0,0,0,0,0,0,0,0,0,0,0,0,0,0,0,0,0,0,0,0,0,0,0,1499644800
192,0,0,0,0,0,0,0,0,0,0,0,0,0,0,0,0,0,0,0,0,0,0,0,0,0,0,0,0,0,0,0,0,0,1499731200
193,0,0,0,0,0,0,0,0,0,0,0,0,0,0,0,0,0,0,0,0,0,0,0,0,0,0,0,0,0,0,0,0,0,1499817600
194,0,0,0,0,0,0,0,0,0,0,0,0,0,0,0,0,0,0,0,0,0,0,0,0,0,0,0,0,0,0,0,0,0,1499904000
195,0,0,0,0,0,0,0,0,0,0,0,0,0,0,0,0,0,0,0,0,0,0,0,0,0,0,0,0,0,0,0,0,0,1499990400
196,0,0,0,0,0,0,0,0,0,0,0,0,0,0,0,0,0,0,0,0,0,0,0,0,0,0,0,0,0,0,0,0,0,1500076800
197,0,0,0,0,0,0,0,0,0,0,0,0,0,0,0,0,0,0,0,0,0,0,0,0,0,0,0,0,0,0,0,0,0,1500163200
198,0,0,0,0,0,0,0,0,0,0,0,0,0,0,0,0,0,0,0,0,0,0,0,0,0,0,0,0,0,0,0,0,0,1500249600
199,0,0,0,0,0,0,0,0,0,0,0,0,0,0,0,0,0,0,0,0,0,0,0,0,0,0,0,0,0,0,0,0,0,1500336000
200,0,0,0,0,0,0,0,0,0,0,0,0,0,0,0,0,0,0,0,0,0,0,0,0,0,0,0,0,0,0,0,0,0,1500422400
201,0,0,0,0,0,0,0,0,0,0,0,0,0,0,0,0,0,0,0,0,0,0,0,0,0,0,0,0,0,0,0,0,0,1500508800
202,0,0,0,0,0,0,0,0,0,0,0,0,0,0,0,0,0,0,0,0,0,0,0,0,0,0,0,0,0,0,0,0,0,1500595200
203,0,0,0,0,0,0,0,0,0,0,0,0,0,0,0,0,0,0,0,0,0,0,0,0,0,0,0,0,0,0,0,0,0,1500681600
204,0,0,0,0,0,0,0,0,0,0,0,0,0,0,0,0,0,0,0,0,0,0,0,0,0,0,0,0,0,0,0,0,0,1500768000
205,0,0,0,0,0,0,0,0,0,0,0,0,0,0,0,0,0,0,0,0,0,0,0,0,0,0,0,0,0,0,0,0,0,1500854400
206,0,0,0,0,0,0,0,0,0,0,0,0,0,0,0,0,0,0,0,0,0,0,0,0,0,0,0,0,0,0,0,0,0,1500940800
207,0,0,0,0,0,0,0,0,0,0,0,0,0,0,0,0,0,0,0,0,0,0,0,0,0,0,0,0,0,0,0,0,0,1501027200
208,0,0,0,0,0,0,0,0,0,0,0,0,0,0,0,0,0,0,0,0,0,0,0,0,0,0,0,0,0,0,0,0,0,1501113600
209,0,0,0,0,0,0,0,0,0,0,0,0,0,0,0,0,0,0,0,0,0,0,0,0,0,0,0,0,0,0,0,0,0,1501200000
210,0,0,0,0,0,0,0,0,0,0,0,0,0,0,0,0,0,0,0,0,0,0,0,0,0,0,0,0,0,0,0,0,0,1501286400
211,0,0,0,0,0,0,0,0,0,0,0,0,0,0,0,0,0,0,0,0,0,0,0,0,0,0,0,0,0,0,0,0,0,1501372800
212,0,0,0,0,0,0,0,0,0,0,0,0,0,0,0,0,0,0,0,0,0,0,0,0,0,0,0,0,0,0,0,0,0,1501459200
213,0,0,0,0,0,0,0,0,0,0,0,0,0,0,0,0,0,0,0,0,0,0,0,0,0,0,0,0,0,0,0,0,0,1501545600
214,0,0,0,0,0,0,0,0,0,0,0,0,0,0,0,0,0,0,0,0,0,0,0,0,0,0,0,0,0,0,0,0,0,1501632000
215,0,0,0,0,0,0,0,0,0,0,0,0,0,0,0,0,0,0,0,0,0,0,0,0,0,0,0,0,0,0,0,0,0,1501718400
216,0,0,0,0,0,0,0,0,0,0,0,0,0,0,0,0,0,0,0,0,0,0,0,0,0,0,0,0,0,0,0,0,0,1501804800
217,0,0,0,0,0,0,0,0,0,0,0,0,0,0,0,0,0,0,0,0,0,0,0,0,0,0,0,0,0,0,0,0,0,1501891200
218,0,0,0,0,0,0,0,0,0,0,0,0,0,0,0,0,0,0,0,0,0,0,0,0,0,0,0,0,0,0,0,0,0,1501977600
219,0,0,0,0,0,0,0,0,0,0,0,0,0,0,0,0,0,0,0,0,0,0,0,0,0,0,0,0,0,0,0,0,0,1502064000
220,0,0,0,0,0,0,0,0,0,0,0,0,0,0,0,0,0,0,0,0,0,0,0,0,0,0,0,0,0,0,0,0,0,1502150400
221,0,0,0,0,0,0,0,0,0,0,0,0,0,0,0,0,0,0,0,0,0,0,0,0,0,0,0,0,0,0,0,0,0,1502236800
222,0,0,0,0,0,0,0,0,0,0,0,0,0,0,0,0,0,0,0,0,0,0,0,0,0,0,0,0,0,0,0,0,0,1502323200
223,0,0,0,0,0,0,0,0,0,0,0,0,0,0,0,0,0,0,0,0,0,0,0,0,0,0,0,0,0,0,0,0,0,1502409600
224,0,0,0,0,0,0,0,0,0,0,0,0,0,0,0,0,0,0,0,0,0,0,0,0,0,0,0,0,0,0,0,0,0,1502496000
225,0,0,0,0,0,0,0,0,0,0,0,0,0,0,0,0,0,0,0,0,0,0,0,0,0,0,0,0,0,0,0,0,0,1502582400
226,0,0,0,0,0,0,0,0,0,0,0,0,0,0,0,0,0,0,0,0,0,0,0,0,0,0,0,0,0,0,0,0,0,1502668800
227,0,0,0,0,0,0,0,0,0,0,0,0,0,0,0,0,0,0,0,0,0,0,0,0,0,0,0,0,0,0,0,0,0,1502755200
228,0,0,0,0,0,0,0,0,0,0,0,0,0,0,0,0,0,0,0,0,0,0,0,0,0,0,0,0,0,0,0,0,0,1502841600
229,0,0,0,0,0,0,0,0,0,0,0,0,0,0,0,0,0,0,0,0,0,0,0,0,0,0,0,0,0,0,0,0,0,1502928000
230,0,0,0,0,0,0,0,0,0,0,0,0,0,0,0,0,0,0,0,0,0,0,0,0,0,0,0,0,0,0,0,0,0,1503014400
231,0,0,0,0,0,0,0,0,0,0,0,0,0,0,0,0,0,0,0,0,0,0,0,0,0,0,0,0,0,0,0,0,0,1503100800
232,0,0,0,0,0,0,0,0,0,0,0,0,0,0,0,0,0,0,0,0,0,0,0,0,0,0,0,0,0,0,0,0,0,1503187200
233,0,0,0,0,0,0,0,0,0,0,0,0,0,0,0,0,0,0,0,0,0,0,0,0,0,0,0,0,0,0,0,0,0,1503273600
234,0,0,0,0,0,0,0,0,0,0,0,0,0,0,0,0,0,0,0,0,0,0,0,0,0,0,0,0,0,0,0,0,0,1503360000
235,0,0,0,0,0,0,0,0,0,0,0,0,0,0,0,0,0,0,0,0,0,0,0,0,0,0,0,0,0,0,0,0,0,1503446400
236,0,0,0,0,0,0,0,0,0,0,0,0,0,0,0,0,0,0,0,0,0,0,0,0,0,0,0,0,0,0,0,0,0,1503532800
237,0,0,0,0,0,0,0,0,0,0,0,0,0,0,0,0,0,0,0,0,0,0,0,0,0,0,0,0,0,0,0,0,0,1503619200
238,0,0,0,0,0,0,0,0,0,0,0,0,0,0,0,0,0,0,0,0,0,0,0,0,0,0,0,0,0,0,0,0,0,1503705600
239,0,0,0,0,0,0,0,0,0,0,0,0,0,0,0,0,0,0,0,0,0,0,0,0,0,0,0,0,0,0,0,0,0,1503792000
240,0,0,0,0,0,0,0,0,0,0,0,0,0,0,0,0,0,0,0,0,0,0,0,0,0,0,0,0,0,0,0,0,0,1503878400
241,0,0,0,0,0,0,0,0,0,0,0,0,0,0,0,0,0,0,0,0,0,0,0,0,0,0,0,0,0,0,0,0,0,1503964800
242,0,0,0,0,0,0,0,0,0,0,0,0,0,0,0,0,0,0,0,0,0,0,0,0,0,0,0,0,0,0,0,0,0,1504051200
243,0,0,0,0,0,0,0,0,0,0,0,0,0,0,0,0,0,0,0,0,0,0,0,0,0,0,0,0,0,0,0,0,0,1504137600
244,0,0,0,0,0,0,0,0,0,0,0,0,0,0,0,0,0,0,0,0,0,0,0,0,0,0,0,0,0,0,0,0,0,1504224000
245,0,0,0,0,0,0,0,0,0,0,0,0,0,0,0,0,0,0,0,0,0,0,0,0,0,0,0,0,0,0,0,0,0,1504310400
246,0,0,0,0,0,0,0,0,0,0,0,0,0,0,0,0,0,0,0,0,0,0,0,0,0,0,0,0,0,0,0,0,0,1504396800
247,0,0,0,0,0,0,0,0,0,0,0,0,0,0,0,0,0,0,0,0,0,0,0,0,0,0,0,0,0,0,0,0,0,1504483200
248,0,0,0,0,0,0,0,0,0,0,0,0,0,0,0,0,0,0,0,0,0,0,0,0,0,0,0,0,0,0,0,0,0,1504569600
249,0,0,0,0,0,0,0,0,0,0,0,0,0,0,0,0,0,0,0,0,0,0,0,0,0,0,0,0,0,0,0,0,0,1504656000
250,0,0,0,0,0,0,0,0,0,0,0,0,0,0,0,0,0,0,0,0,0,0,0,0,0,0,0,0,0,0,0,0,0,1504742400
251,0,0,0,0,0,0,0,0,0,0,0,0,0,0,0,0,0,0,0,0,0,0,0,0,0,0,0,0,0,0,0,0,0,1504828800
252,0,0,0,0,0,0,0,0,0,0,0,0,0,0,0,0,0,0,0,0,0,0,0,0,0,0,0,0,0,0,0,0,0,1504915200
253,0,0,0,0,0,0,0,0,0,0,0,0,0,0,0,0,0,0,0,0,0,0,0,0,0,0,0,0,0,0,0,0,0,1505001600
254,0,0,0,0,0,0,0,0,0,0,0,0,0,0,0,0,0,0,0,0,0,0,0,0,0,0,0,0,0,0,0,0,0,1505088000
255,0,0,0,0,0,0,0,0,0,0,0,0,0,0,0,0,0,0,0,0,0,0,0,0,0,0,0,0,0,0,0,0,0,1505174400
256,0,0,0,0,0,0,0,0,0,0,0,0,0,0,0,0,0,0,0,0,0,0,0,0,0,0,0,0,0,0,0,0,0,1505260800
257,0,0,0,0,0,0,0,0,0,0,0,0,0,0,0,0,0,0,0,0,0,0,0,0,0,0,0,0,0,0,0,0,0,1505347200
258,0,0,0,0,0,0,0,0,0,0,0,0,0,0,0,0,0,0,0,0,0,0,0,0,0,0,0,0,0,0,0,0,0,1505433600
259,0,0,0,0,0,0,0,0,0,0,0,0,0,0,0,0,0,0,0,0,0,0,0,0,0,0,0,0,0,0,0,0,0,1505520000
260,0,0,0,0,0,0,0,0,0,0,0,0,0,0,0,0,0,0,0,0,0,0,0,0,0,0,0,0,0,0,0,0,0,1505606400
261,0,0,0,0,0,0,0,0,0,0,0,0,0,0,0,0,0,0,0,0,0,0,0,0,0,0,0,0,0,0,0,0,0,1505692800
262,0,0,0,0,0,0,0,0,0,0,0,0,0,0,0,0,0,0,0,0,0,0,0,0,0,0,0,0,0,0,0,0,0,1505779200
263,0,0,0,0,0,0,0,0,0,0,0,0,0,0,0,0,0,0,0,0,0,0,0,0,0,0,0,0,0,0,0,0,0,1505865600
264,0,0,0,0,0,0,0,0,0,0,0,0,0,0,0,0,0,0,0,0,0,0,0,0,0,0,0,0,0,0,0,0,0,1505952000
265,0,0,0,0,0,0,0,0,0,0,0,0,0,0,0,0,0,0,0,0,0,0,0,0,0,0,0,0,0,0,0,0,0,1506038400
266,0,0,0,0,0,0,0,0,0,0,0,0,0,0,0,0,0,0,0,0,0,0,0,0,0,0,0,0,0,0,0,0,0,1506124800
267,0,0,0,0,0,0,0,0,0,0,0,0,0,0,0,0,0,0,0,0,0,0,0,0,0,0,0,0,0,0,0,0,0,1506211200
268,0,0,0,0,0,0,0,0,0,0,0,0,0,0,0,0,0,0,0,0,0,0,0,0,0,0,0,0,0,0,0,0,0,1506297600
269,0,0,0,0,0,0,0,0,0,0,0,0,0,0,0,0,0,0,0,0,0,0,0,0,0,0,0,0,0,0,0,0,0,1506384000
270,0,0,0,0,0,0,0,0,0,0,0,0,0,0,0,0,0,0,0,0,0,0,0,0,0,0,0,0,0,0,0,0,0,1506470400
271,0,0,0,0,0,0,0,0,0,0,0,0,0,0,0,0,0,0,0,0,0,0,0,0,0,0,0,0,0,0,0,0,0,1506556800
272,0,0,0,0,0,0,0,0,0,0,0,0,0,0,0,0,0,0,0,0,0,0,0,0,0,0,0,0,0,0,0,0,0,1506643200
273,0,0,0,0,0,0,0,0,0,0,0,0,0,0,0,0,0,0,0,0,0,0,0,0,0,0,0,0,0,0,0,0,0,1506729600
274,0,0,0,0,0,0,0,0,0,0,0,0,0,0,0,0,0,0,0,0,0,0,0,0,0,0,0,0,0,0,0,0,0,1506816000
275,0,0,0,0,0,0,0,0,0,0,0,0,0,0,0,0,0,0,0,0,0,0,0,0,0,0,0,0,0,0,0,0,0,1506902400
276,0,0,0,0,0,0,0,0,0,0,0,0,0,0,0,0,0,0,0,0,0,0,0,0,0,0,0,0,0,0,0,0,0,1506988800
277,0,0,0,0,0,0,0,0,0,0,0,0,0,0,0,0,0,0,0,0,0,0,0,0,0,0,0,0,0,0,0,0,0,1507075200
278,0,0,0,0,0,0,0,0,0,0,0,0,0,0,0,0,0,0,0,0,0,0,0,0,0,0,0,0,0,0,0,0,0,1507161600
279,0,0,0,0,0,0,0,0,0,0,0,0,0,0,0,0,0,0,0,0,0,0,0,0,0,0,0,0,0,0,0,0,0,1507248000
280,0,0,0,0,0,0,0,0,0,0,0,0,0,0,0,0,0,0,0,0,0,0,0,0,0,0,0,0,0,0,0,0,0,1507334400
281,0,0,0,0,0,0,0,0,0,0,0,0,0,0,0,0,0,0,0,0,0,0,0,0,0,0,0,0,0,0,0,0,0,1507420800
282,0,0,0,0,0,0,0,0,0,0,0,0,0,0,0,0,0,0,0,0,0,0,0,0,0,0,0,0,0,0,0,0,0,1507507200
283,0,0,0,0,0,0,0,0,0,0,0,0,0,0,0,0,0,0,0,0,0,0,0,0,0,0,0,0,0,0,0,0,0,1507593600
284,0,0,0,0,0,0,0,0,0,0,0,0,0,0,0,0,0,0,0,0,0,0,0,0,0,0,0,0,0,0,0,0,0,1507680000
285,0,0,0,0,0,0,0,0,0,0,0,0,0,0,0,0,0,0,0,0,0,0,0,0,0,0,0,0,0,0,0,0,0,1507766400
286,0,0,0,0,0,0,0,0,0,0,0,0,0,0,0,0,0,0,0,0,0,0,0,0,0,0,0,0,0,0,0,0,0,1507852800
287,0,0,0,0,0,0,0,0,0,0,0,0,0,0,0,0,0,0,0,0,0,0,0,0,0,0,0,0,0,0,0,0,0,1507939200
288,0,0,0,0,0,0,0,0,0,0,0,0,0,0,0,0,0,0,0,0,0,0,0,0,0,0,0,0,0,0,0,0,0,1508025600
289,0,0,0,0,0,0,0,0,0,0,0,0,0,0,0,0,0,0,0,0,0,0,0,0,0,0,0,0,0,0,0,0,0,1508112000
290,0,0,0,0,0,0,0,0,0,0,0,0,0,0,0,0,0,0,0,0,0,0,0,0,0,0,0,0,0,0,0,0,0,1508198400
291,0,0,0,0,0,0,0,0,0,0,0,0,0,0,0,0,0,0,0,0,0,0,0,0,0,0,0,0,0,0,0,0,0,1508284800
292,0,0,0,0,0,0,0,0,0,0,0,0,0,0,0,0,0,0,0,0,0,0,0,0,0,0,0,0,0,0,0,0,0,1508371200
293,0,0,0,0,0,0,0,0,0,0,0,0,0,0,0,0,0,0,0,0,0,0,0,0,0,0,0,0,0,0,0,0,0,1508457600
294,0,0,0,0,0,0,0,0,0,0,0,0,0,0,0,0,0,0,0,0,0,0,0,0,0,0,0,0,0,0,0,0,0,1508544000
295,0,0,0,0,0,0,0,0,0,0,0,0,0,0,0,0,0,0,0,0,0,0,0,0,0,0,0,0,0,0,0,0,0,1508630400
296,0,0,0,0,0,0,0,0,0,0,0,0,0,0,0,0,0,0,0,0,0,0,0,0,0,0,0,0,0,0,0,0,0,1508716800
297,0,0,0,0,0,0,0,0,0,0,0,0,0,0,0,0,0,0,0,0,0,0,0,0,0,0,0,0,0,0,0,0,0,1508803200
298,0,0,0,0,0,0,0,0,0,0,0,0,0,0,0,0,0,0,0,0,0,0,0,0,0,0,0,0,0,0,0,0,0,1508889600
299,0,0,0,0,0,0,0,0,0,0,0,0,0,0,0,0,0,0,0,0,0,0,0,0,0,0,0,0,0,0,0,0,0,1508976000
300,0,0,0,0,0,0,0,0,0,0,0,0,0,0,0,0,0,0,0,0,0,0,0,0,0,0,0,0,0,0,0,0,0,1509062400
301,0,0,0,0,0,0,0,0,0,0,0,0,0,0,0,0,0,0,0,0,0,0,0,0,0,0,0,0,0,0,0,0,0,1509148800
302,0,0,0,0,0,0,0,0,0,0,0,0,0,0,0,0,0,0,0,0,0,0,0,0,0,0,0,0,0,0,0,0,0,1509235200
303,0,0,0,0,0,0,0,0,0,0,0,0,0,0,0,0,0,0,0,0,0,0,0,0,0,0,0,0,0,0,0,0,0,1509321600
304,0,0,0,0,0,0,0,0,0,0,0,0,0,0,0,0,0,0,0,0,0,0,0,0,0,0,0,0,0,0,0,0,0,1509408000
305,0,0,0,0,0,0,0,0,0,0,0,0,0,0,0,0,0,0,0,0,0,0,0,0,0,0,0,0,0,0,0,0,0,1509494400
306,0,0,0,0,0,0,0,0,0,0,0,0,0,0,0,0,0,0,0,0,0,0,0,0,0,0,0,0,0,0,0,0,0,1509580800
307,0,0,0,0,0,0,0,0,0,0,0,0,0,0,0,0,0,0,0,0,0,0,0,0,0,0,0,0,0,0,0,0,0,1509667200
308,0,0,0,0,0,0,0,0,0,0,0,0,0,0,0,0,0,0,0,0,0,0,0,0,0,0,0,0,0,0,0,0,0,1509753600
309,0,0,0,0,0,0,0,0,0,0,0,0,0,0,0,0,0,0,0,0,0,0,0,0,0,0,0,0,0,0,0,0,0,1509840000
310,0,0,0,0,0,0,0,0,0,0,0,0,0,0,0,0,0,0,0,0,0,0,0,0,0,0,0,0,0,0,0,0,0,1509926400
311,0,0,0,0,0,0,0,0,0,0,0,0,0,0,0,0,0,0,0,0,0,0,0,0,0,0,0,0,0,0,0,0,0,1510012800
312,0,0,0,0,0,0,0,0,0,0,0,0,0,0,0,0,0,0,0,0,0,0,0,0,0,0,0,0,0,0,0,0,0,1510099200
313,0,0,0,0,0,0,0,0,0,0,0,0,0,0,0,0,0,0,0,0,0,0,0,0,0,0,0,0,0,0,0,0,0,1510185600
314,0,0,0,0,0,0,0,0,0,0,0,0,0,0,0,0,0,0,0,0,0,0,0,0,0,0,0,0,0,0,0,0,0,1510272000
315,0,0,0,0,0,0,0,0,0,0,0,0,0,0,0,0,0,0,0,0,0,0,0,0,0,0,0,0,0,0,0,0,0,1510358400
316,0,0,0,0,0,0,0,0,0,0,0,0,0,0,0,0,0,0,0,0,0,0,0,0,0,0,0,0,0,0,0,0,0,1510444800
317,0,0,0,0,0,0,0,0,0,0,0,0,0,0,0,0,0,0,0,0,0,0,0,0,0,0,0,0,0,0,0,0,0,1510531200
318,0,0,0,0,5,1,0,1,1,1,2,11,0,0,0,0,0,0,0,0,0,0,0,0,0,0,0,0,0,0,0,0,0,1510617600
319,0,1,0,25,32,1,3,1,2,2,4,45,0,0,0,0,0,0,0,0,0,0,0,0,0,0,0,0,0,0,0,0,0,1510704000
320,0,1,0,25,39,1,3,2,2,3,4,54,0,0,0,0,0,0,0,0,0,0,0,0,0,0,0,0,0,0,0,0,0,1510790400
321,0,1,0,25,42,1,4,2,2,3,5,59,0,0,0,0,0,0,0,0,0,0,0,0,0,0,0,0,0,0,0,0,0,1510876800
322,0,1,1,50,54,2,4,3,2,3,5,73,0,0,0,0,0,0,0,0,0,0,0,0,0,0,0,0,0,0,0,0,0,1510963200
323,0,1,1,50,61,3,4,3,2,3,5,81,0,0,0,0,0,0,0,0,0,0,0,0,0,0,0,0,0,0,0,0,0,1511049600
324,0,1,1,50,74,3,4,4,3,3,5,96,0,0,0,0,0,0,0,0,0,0,0,0,0,0,0,0,0,0,0,0,0,1511136000
325,0,1,1,50,84,5,4,4,3,4,5,109,0,0,0,0,0,0,0,0,0,0,0,0,0,0,0,0,0,0,0,0,0,1511222400
326,0,1,2,75,94,7,5,4,4,5,5,124,0,0,0,0,0,0,0,0,0,0,0,0,0,0,0,0,0,0,0,0,0,1511308800
327,0,1,2,75,108,8,5,4,4,5,5,139,0,0,0,0,0,0,0,0,0,0,0,0,0,0,0,0,0,0,0,0,0,1511395200
328,0,1,2,75,115,9,5,4,4,6,5,148,0,0,0,0,0,0,0,0,0,0,0,0,0,0,0,0,0,0,0,0,0,1511481600
329,0,1,2,75,130,10,5,5,5,7,6,168,0,0,0,0,0,0,0,0,0,0,0,0,0,0,0,0,0,0,0,0,0,1511568000
330,0,1,2,75,137,11,5,5,5,8,7,178,0,0,0,0,0,0,0,0,0,0,0,0,0,0,0,0,0,0,0,0,0,1511654400
331,0,1,3,100,147,12,5,5,5,8,7,189,0,0,0,0,0,0,0,0,0,0,0,0,0,0,0,0,0,0,0,0,0,1511740800
332,0,1,4,125,155,12,5,5,5,8,7,197,0,0,0,0,0,0,0,0,0,0,0,0,0,0,0,0,0,0,0,0,0,1511827200
333,0,1,4,125,168,12,7,5,5,8,7,212,0,0,0,0,0,0,0,0,0,0,0,0,0,0,0,0,0,0,0,0,0,1511913600
334,0,1,4,125,174,12,9,5,5,8,7,220,0,0,0,0,0,0,0,0,0,0,0,0,0,0,0,0,0,0,0,0,0,1512000000
335,0,1,4,125,195,14,9,5,5,8,7,243,0,0,0,0,0,0,0,0,0,0,0,0,0,0,0,0,0,0,0,0,0,1512086400
336,0,1,4,125,223,15,10,5,5,8,7,273,0,0,0,0,0,0,0,0,0,0,0,0,0,0,0,0,0,0,0,0,0,1512172800
337,0,1,4,125,237,17,10,5,5,8,7,289,0,0,0,0,0,0,0,0,0,0,0,0,0,0,0,0,0,0,0,0,0,1512259200
338,0,1,4,125,251,17,10,5,5,8,7,303,0,0,0,0,0,0,0,0,0,0,0,0,0,0,0,0,0,0,0,0,0,1512345600
339,0,1,4,125,264,17,11,5,5,8,7,317,0,0,0,0,0,0,0,0,0,0,0,0,0,0,0,0,0,0,0,0,0,1512432000
340,0,1,4,125,286,17,11,5,5,8,9,341,0,0,0,0,0,0,0,0,0,0,0,0,0,0,0,0,0,0,0,0,0,1512518400
341,0,1,4,125,310,19,15,5,5,14,9,377,0,0,0,0,0,0,0,0,0,0,0,0,0,0,0,0,0,0,0,0,0,1512604800
342,0,1,4,125,330,20,16,5,5,14,9,399,0,0,0,0,0,0,0,0,0,0,0,0,0,0,0,0,0,0,0,0,0,1512691200
343,0,1,4,125,364,20,16,6,5,14,10,435,0,0,0,0,0,0,0,0,0,0,0,0,0,0,0,0,0,0,0,0,0,1512777600
344,0,1,4,125,389,20,16,6,5,14,10,460,0,0,0,0,0,0,0,0,0,0,0,0,0,0,0,0,0,0,0,0,0,1512864000
345,0,1,4,125,416,21,17,6,5,16,11,492,0,0,0,0,0,0,0,0,0,0,0,0,0,0,0,0,0,0,0,0,0,1512950400
346,0,1,4,125,431,22,19,6,5,17,12,512,0,0,0,0,0,0,0,0,0,0,0,0,0,0,0,0,0,0,0,0,0,1513036800
347,0,1,4,125,446,23,21,6,5,18,12,531,0,0,0,0,0,0,0,0,0,0,0,0,0,0,0,0,0,0,0,0,0,1513123200
348,0,3,6,225,479,24,24,7,6,22,12,574,0,0,0,0,0,0,0,0,0,0,0,0,0,0,0,0,0,0,0,0,0,1513209600
349,0,3,6,225,505,24,24,7,6,22,13,601,0,0,0,0,0,0,0,0,0,0,0,0,0,0,0,0,0,0,0,0,0,1513296000
350,0,3,6,225,518,24,24,7,6,23,14,616,0,0,0,0,0,0,0,0,0,0,0,0,0,0,0,0,0,0,0,0,0,1513382400
351,0,3,6,225,542,24,26,7,6,23,14,642,0,0,0,0,0,0,0,0,0,0,0,0,0,0,0,0,0,0,0,0,0,1513468800
352,0,3,6,225,561,24,27,7,6,23,14,662,0,0,0,0,0,0,0,0,0,0,0,0,0,0,0,0,0,0,0,0,0,1513555200
353,0,3,6,225,579,25,30,8,7,24,14,687,0,0,0,0,0,0,0,0,0,0,0,0,0,0,0,0,0,0,0,0,0,1513641600
354,0,3,7,250,605,26,30,8,7,24,14,714,0,0,0,0,0,0,0,0,0,0,0,0,0,0,0,0,0,0,0,0,0,1513728000
355,0,4,7,275,633,26,30,8,7,26,14,744,0,0,0,0,0,0,0,0,0,0,0,0,0,0,0,0,0,0,0,0,0,1513814400
356,0,4,7,275,654,26,30,10,8,27,14,769,0,0,0,0,0,0,0,0,0,0,0,0,0,0,0,0,0,0,0,0,0,1513900800
357,0,4,7,275,678,26,30,10,8,27,15,794,0,0,0,0,0,0,0,0,0,0,0,0,0,0,0,0,0,0,0,0,0,1513987200
358,0,5,7,300,701,27,30,11,9,29,16,823,0,0,0,0,0,0,0,0,0,0,0,0,0,0,0,0,0,0,0,0,0,1514073600
359,0,5,7,300,727,27,31,11,9,30,18,853,0,0,0,0,0,0,0,0,0,0,0,0,0,0,0,0,0,0,0,0,0,1514160000
360,0,6,9,375,754,27,32,11,11,31,18,884,0,0,0,0,0,0,0,0,0,0,0,0,0,0,0,0,0,0,0,0,0,1514246400
361,0,6,10,400,788,27,34,11,11,34,20,925,0,0,0,0,0,0,0,0,0,0,0,0,0,0,0,0,0,0,0,0,0,1514332800
362,0,6,11,425,816,29,36,11,11,35,21,959,24,3,44,2,0,2,26,0,0,0,0,0,0,10,5,5,0,4,0,0,0,1514419200
363,0,6,13,475,846,32,36,12,11,36,22,995,24,3,45,2,0,2,26,0,0,0,0,0,0,10,5,5,0,4,0,0,0,1514505600
364,0,6,13,475,883,33,38,13,11,39,22,1039,24,3,47,2,0,2,27,0,0,0,0,0,0,10,6,5,0,4,0,0,0,1514592000
365,0,6,13,475,916,33,38,14,11,39,22,1073,26,4,49,2,0,2,27,0,0,0,0,0,0,10,6,5,0,4,0,0,0,1514678400
366,0,6,13,475,950,33,39,14,11,41,24,1112,26,3,52,2,0,2,27,0,0,0,0,0,0,10,6,5,0,4,0,0,0,1514764800
367,0,6,13,475,996,34,40,15,11,43,24,1163,26,3,53,2,0,2,27,0,0,0,0,0,0,10,6,5,0,4,0,0,0,1514851200
368,0,6,13,475,1021,35,43,15,11,43,25,1193,27,3,52,2,0,2,27,0,0,0,0,0,0,10,6,5,0,4,0,0,0,1514937600
369,0,6,13,475,1035,35,43,15,11,44,25,1208,27,4,52,2,0,2,27,0,0,0,0,0,0,10,6,5,0,4,0,0,0,1515024000
370,0,6,14,500,1097,37,47,16,11,45,27,1280,27,4,52,2,0,2,27,0,0,0,0,0,0,10,6,5,0,4,0,0,0,1515110400
371,0,6,14,500,1134,39,48,16,11,48,28,1324,27,2,54,2,0,2,27,0,0,0,0,0,0,10,6,5,0,4,0,0,0,1515196800
372,0,6,14,500,1219,39,53,16,11,49,29,1416,27,3,54,2,0,2,27,0,0,0,0,0,0,11,6,5,0,4,1,0,0,1515283200
373,0,6,14,500,1268,40,54,16,11,51,31,1471,28,3,57,2,0,2,27,0,0,0,0,0,0,11,6,5,0,4,2,0,0,1515369600
374,0,6,14,500,1308,41,56,16,11,54,32,1518,30,5,57,2,0,2,27,0,0,0,0,0,0,11,6,6,0,4,2,0,0,1515456000
375,0,6,14,500,1356,41,58,16,11,57,32,1571,30,4,59,2,0,2,27,0,0,0,0,0,0,11,6,6,0,4,2,0,0,1515542400
376,0,6,14,500,1396,41,61,16,12,59,32,1617,31,5,60,2,0,2,27,0,0,0,0,0,0,11,6,6,0,4,2,0,0,1515628800
377,0,6,14,500,1424,41,61,17,12,61,32,1648,31,5,61,2,0,2,27,0,0,0,0,0,0,11,6,6,0,4,2,0,0,1515715200
378,0,6,14,500,1454,41,62,17,12,61,32,1679,32,4,63,2,0,2,29,0,0,0,0,0,0,11,6,6,0,4,2,0,0,1515801600
379,0,6,14,500,1481,42,64,19,12,61,33,1712,32,8,67,2,0,2,30,0,0,0,0,0,0,11,6,7,0,4,2,0,0,1515888000
380,0,6,15,525,1529,42,65,19,12,61,34,1762,33,10,67,2,0,2,30,0,0,0,0,0,0,11,6,8,0,4,2,0,0,1515974400
381,0,6,15,525,1554,42,65,19,12,61,34,1787,33,9,68,2,0,2,30,0,0,0,0,0,0,11,6,8,0,4,2,0,0,1516060800
382,0,6,15,525,1570,42,65,19,12,61,35,1804,33,9,68,2,0,2,30,0,0,0,0,0,0,11,6,8,0,4,2,0,0,1516147200
383,0,6,15,525,1636,42,65,20,12,62,35,1872,33,8,73,2,0,2,30,0,0,0,0,0,0,11,6,8,0,4,2,0,0,1516233600
384,0,7,15,550,1672,42,67,23,12,65,35,1916,33,8,77,2,0,2,30,0,0,0,0,0,0,11,6,8,0,4,2,0,0,1516320000
385,0,7,15,550,1704,43,67,23,12,65,36,1950,35,9,78,2,0,2,30,0,0,0,0,0,0,11,6,8,0,4,2,0,0,1516406400
386,0,7,15,550,1742,44,68,23,12,68,36,1993,35,6,80,2,0,2,30,0,0,0,0,0,0,11,6,8,0,4,2,0,0,1516492800
387,0,7,15,550,1795,46,70,23,12,69,37,2052,36,2,81,2,0,2,30,0,0,0,0,0,0,11,6,8,0,4,2,0,0,1516579200
388,0,7,15,550,1843,48,70,23,12,73,38,2107,38,5,84,2,0,2,30,0,0,0,0,0,0,11,6,8,0,4,2,0,0,1516665600
389,0,7,15,550,1887,49,71,25,12,77,39,2160,38,5,85,2,0,2,30,0,0,0,0,0,0,12,6,8,0,4,2,0,0,1516752000
390,0,7,15,550,1940,49,71,25,14,79,39,2217,38,5,89,2,0,2,30,0,0,0,0,0,0,12,6,8,0,4,2,0,0,1516838400
391,0,7,15,550,1968,51,72,25,14,79,39,2248,38,5,91,2,0,2,31,0,0,0,0,0,0,12,6,8,0,4,2,0,0,1516924800
392,0,7,15,550,1999,51,72,25,14,81,39,2281,38,3,94,2,0,2,31,0,0,0,0,0,0,12,6,8,0,4,2,0,0,1517011200
393,0,7,15,550,2032,51,72,26,14,82,40,2317,38,3,95,2,0,2,31,0,0,0,0,0,0,14,6,9,0,4,2,0,0,1517097600
394,0,7,15,550,2087,51,72,28,14,89,40,2381,38,0,102,2,0,2,33,0,0,0,0,0,0,14,6,9,0,4,2,0,0,1517184000
395,0,7,15,550,2123,52,72,29,14,91,40,2421,39,0,104,2,0,2,33,0,0,0,0,0,0,14,6,9,0,4,2,0,0,1517270400
396,0,7,15,550,2148,53,73,30,14,91,40,2449,39,1,106,2,0,2,33,0,0,0,0,0,0,14,7,9,0,4,2,0,0,1517356800
397,0,7,15,550,2175,53,75,30,14,91,40,2478,39,2,113,2,0,2,35,0,0,0,0,0,0,14,7,10,0,4,1,1,0,1517443200
398,0,7,15,550,2192,53,75,32,14,91,40,2497,41,4,114,2,0,2,35,0,0,0,0,0,0,14,7,10,0,4,1,1,0,1517529600
399,0,7,15,550,2215,53,76,32,14,91,40,2521,41,5,116,2,0,2,35,0,0,0,0,0,0,14,7,10,0,4,1,1,0,1517616000
400,0,7,15,550,2236,54,77,32,14,91,40,2544,44,7,118,2,0,2,35,0,0,0,0,0,0,14,7,10,0,4,1,1,0,1517702400
401,0,7,15,550,2252,54,77,32,14,91,42,2562,45,9,118,2,0,2,35,0,0,0,0,0,0,14,7,10,0,5,1,1,0,1517788800
402,0,7,16,575,2271,54,77,33,14,91,42,2582,46,9,119,2,0,2,35,0,0,0,0,0,0,14,7,10,0,5,1,1,0,1517875200
403,0,7,16,575,2280,55,77,33,15,91,43,2594,48,10,119,2,0,2,35,0,0,0,0,0,0,14,7,10,0,5,1,1,0,1517961600
404,0,7,16,575,2296,55,77,33,15,91,43,2610,50,12,120,2,0,2,35,0,0,0,0,0,0,14,7,10,0,5,1,1,0,1518048000
405,0,7,16,575,2328,55,79,33,15,91,43,2644,50,10,124,2,0,2,35,0,0,0,0,0,0,15,7,10,0,5,1,1,0,1518134400
406,0,7,16,575,2347,55,79,33,15,91,43,2663,50,9,125,2,0,2,35,0,0,0,0,0,0,15,7,10,0,5,1,1,0,1518220800
407,0,7,16,575,2354,55,79,33,15,92,43,2671,51,6,129,2,0,2,35,0,0,0,0,0,0,15,7,10,0,5,1,1,0,1518307200
408,0,7,16,575,2378,55,79,33,15,93,43,2696,52,8,130,2,0,2,35,0,0,0,0,0,0,15,7,10,0,5,1,1,0,1518393600
409,0,7,16,575,2396,55,80,33,15,94,43,2716,52,7,131,2,0,2,35,0,0,0,0,0,0,15,7,10,0,5,1,1,0,1518480000
410,0,7,16,575,2422,56,80,33,15,95,44,2745,52,4,137,2,0,2,35,0,0,0,0,0,0,15,7,10,0,5,1,1,0,1518566400
411,0,7,16,575,2439,56,80,33,15,95,44,2762,52,3,139,2,0,2,35,0,0,0,0,0,0,15,7,10,0,5,1,1,0,1518652800
412,0,7,16,575,2439,56,80,33,15,95,44,2762,52,3,139,2,0,2,35,0,0,0,0,0,0,15,7,10,0,5,1,1,0,1518739200
413,0,7,16,575,2439,56,80,33,15,95,44,2762,52,3,139,2,0,2,35,0,0,0,0,0,0,15,7,10,0,5,1,1,0,1518825600
414,0,7,16,575,2439,56,80,33,15,95,44,2762,52,3,139,2,0,2,35,0,0,0,0,0,0,15,7,10,0,5,1,1,0,1518912000
415,0,7,16,575,2439,56,80,33,15,95,44,2762,52,3,139,2,0,2,35,0,0,0,0,0,0,15,7,10,0,5,1,1,0,1518998400
416,0,7,16,575,2439,56,80,33,15,95,44,2762,52,3,139,2,0,2,35,0,0,0,0,0,0,15,7,10,0,5,1,1,0,1519084800
417,0,7,16,575,2556,57,82,34,16,97,44,2886,57,5,154,2,0,2,36,0,0,0,0,0,0,15,7,10,0,5,1,1,0,1519171200
418,0,7,16,575,2577,58,82,34,16,97,45,2909,57,4,155,2,0,2,38,0,0,0,0,0,0,15,9,10,0,5,1,1,0,1519257600
419,0,7,17,600,2597,58,82,34,16,97,45,2929,59,9,161,2,0,2,40,0,0,0,0,0,0,16,9,10,0,5,1,1,0,1519344000
420,0,7,17,600,2606,59,82,34,16,97,45,2939,59,8,164,2,0,2,40,0,0,0,0,0,0,16,9,10,0,5,1,1,0,1519430400
421,0,7,17,600,2624,59,82,34,16,97,45,2957,60,6,166,2,0,2,40,0,0,0,0,0,0,16,9,10,0,5,1,1,0,1519516800
422,0,7,17,600,2640,60,82,35,16,99,45,2977,60,6,166,2,0,2,40,0,0,0,0,0,0,16,9,10,0,5,1,1,0,1519603200
423,0,7,18,625,2653,60,82,35,16,99,45,2990,60,6,166,2,0,2,40,0,0,0,0,0,0,16,9,10,0,5,1,1,0,1519689600
424,0,7,18,625,2670,62,82,35,16,99,45,3009,61,7,165,2,0,2,40,0,0,0,0,0,0,16,9,10,0,5,1,1,0,1519776000
425,0,7,18,625,2680,62,82,35,16,99,46,3020,61,5,165,2,0,2,40,0,0,0,0,0,0,16,9,10,0,5,1,1,0,1519862400
426,0,7,18,625,2697,63,84,35,16,99,46,3040,61,2,165,2,0,2,40,0,0,0,0,0,0,16,8,10,0,5,1,1,0,1519948800
427,0,7,19,650,2718,63,84,36,16,99,46,3062,61,2,168,2,0,2,40,0,0,0,0,0,0,16,8,10,0,5,1,1,0,1520035200
428,0,7,19,650,2727,63,85,36,16,99,46,3072,61,2,167,2,0,2,42,0,0,0,0,0,0,16,8,10,0,5,1,1,0,1520121600
429,0,7,19,650,2737,63,85,36,16,99,46,3082,61,1,168,2,0,2,42,0,0,0,0,0,0,16,8,10,0,5,1,1,0,1520208000
430,0,7,19,650,2749,63,85,36,17,99,46,3095,61,1,182,2,0,2,45,0,0,0,0,0,0,16,8,10,0,5,1,1,0,1520294400
431,0,7,19,650,2791,64,87,36,17,101,46,3142,61,0,219,2,1,2,45,0,0,0,0,0,0,16,9,10,0,5,1,1,0,1520380800
432,0,7,19,650,2842,66,91,37,17,101,46,3200,61,0,234,4,1,2,45,0,0,0,0,0,0,16,9,10,0,5,1,1,0,1520467200
433,0,7,19,650,2860,66,91,37,17,101,46,3218,62,1,238,4,1,2,45,0,0,0,0,0,0,16,9,10,0,5,1,1,0,1520553600
434,0,7,18,625,2884,66,91,37,17,102,46,3243,62,3,245,4,1,2,45,0,0,0,0,0,0,17,9,10,0,5,1,1,0,1520640000
435,0,7,18,625,2902,66,91,37,17,103,48,3264,64,4,249,4,1,2,45,0,0,0,0,0,0,17,9,10,0,5,1,1,0,1520726400
436,0,7,18,625,2923,66,91,37,17,103,48,3285,64,4,261,4,1,2,45,0,0,0,0,0,0,17,10,12,0,5,1,1,0,1520812800
437,0,7,19,650,2956,66,92,37,17,103,48,3319,64,4,263,4,1,2,45,0,0,0,0,0,0,17,10,12,0,5,2,1,0,1520899200
438,0,7,19,650,2980,66,95,37,17,103,48,3346,64,4,266,4,1,2,45,0,0,0,0,0,0,17,10,12,0,5,2,1,0,1520985600
439,0,7,19,650,3010,68,95,37,17,104,48,3379,65,5,267,4,1,2,45,0,0,0,0,0,0,18,10,12,0,5,2,1,0,1521072000
440,0,7,19,650,3031,70,97,37,17,105,49,3406,66,4,276,4,2,2,46,0,0,0,0,0,0,19,10,12,0,5,2,1,0,1521158400
441,0,7,20,675,3049,70,99,38,17,105,49,3427,66,2,278,4,1,2,46,0,0,0,0,0,0,19,10,12,0,5,2,1,0,1521244800
442,0,7,20,675,3094,71,103,39,18,106,49,3480,66,2,281,4,1,2,46,0,0,0,0,0,0,19,10,12,2,5,1,1,0,1521331200
443,0,7,20,675,3121,73,103,39,18,106,50,3510,66,2,281,4,1,2,46,0,0,0,0,0,0,19,11,12,2,5,1,1,0,1521417600
444,0,7,20,675,3139,73,106,39,18,106,50,3531,66,2,280,4,1,2,46,0,0,0,0,0,0,20,11,12,3,5,1,1,0,1521504000
445,0,7,20,675,3160,73,107,39,19,107,51,3556,68,3,285,4,1,2,46,0,0,0,0,0,0,20,12,12,3,5,1,1,0,1521590400
446,0,7,20,675,3185,73,107,39,19,108,52,3583,69,2,289,4,1,2,46,0,0,0,0,0,0,20,12,12,3,6,1,1,0,1521676800
447,0,7,20,675,3200,73,107,39,19,109,52,3599,69,3,291,4,1,2,46,0,0,0,0,0,0,20,12,12,3,7,1,1,0,1521763200
448,0,7,20,675,3211,73,107,39,19,109,52,3610,69,3,290,4,1,2,46,0,0,0,0,0,0,21,12,13,4,7,1,1,0,1521849600
449,0,7,20,675,3222,73,107,39,19,109,52,3621,69,3,292,4,1,2,46,0,0,0,0,0,0,21,12,13,4,7,2,1,0,1521936000
450,0,7,20,675,3245,73,107,39,19,109,52,3644,69,3,291,4,1,2,46,0,0,0,0,0,0,21,12,13,2,9,2,1,0,1522022400
451,0,7,20,675,3258,73,108,39,19,110,53,3660,69,3,294,4,1,2,46,0,0,0,0,0,0,21,12,13,2,9,2,1,0,1522108800
452,0,7,20,675,3279,73,108,39,19,112,53,3683,69,1,298,4,1,2,46,0,0,0,0,0,0,21,12,13,2,9,2,1,0,1522195200
453,0,7,20,675,3326,74,110,39,19,114,53,3735,69,0,304,4,1,2,46,0,0,0,0,0,0,21,13,13,3,9,2,1,0,1522281600
454,0,7,20,675,3353,75,112,39,19,115,53,3766,69,0,305,4,1,2,46,0,0,0,0,0,0,22,13,13,3,9,2,1,0,1522368000
455,0,7,21,700,3378,77,113,39,19,115,54,3795,69,0,307,4,1,2,46,0,0,0,0,0,0,22,13,13,3,9,2,1,0,1522454400
456,0,7,21,700,3402,77,113,39,19,116,54,3820,70,1,310,4,1,2,46,0,0,0,0,0,0,22,13,13,3,9,2,1,0,1522540800
457,0,7,21,700,3409,78,113,39,19,116,54,3828,70,1,311,4,1,2,46,0,0,0,0,0,0,22,13,13,3,9,2,1,0,1522627200
458,0,7,21,700,3423,78,113,39,19,116,54,3842,71,2,313,4,1,2,46,0,0,0,0,0,0,22,14,13,4,9,2,1,0,1522713600
459,0,7,21,700,3433,78,113,39,19,117,54,3853,71,2,313,4,1,2,46,0,0,0,0,0,0,22,14,14,6,9,2,1,0,1522800000
460,0,7,22,725,3442,78,113,39,19,117,54,3862,71,2,316,4,1,2,46,0,0,0,0,0,0,22,15,14,4,11,2,1,0,1522886400
461,0,7,22,725,3453,78,113,39,19,118,54,3874,71,2,321,4,1,2,47,0,0,0,0,0,0,22,14,14,4,12,2,1,0,1522972800
462,0,7,22,725,3463,78,114,39,19,118,54,3885,71,2,322,4,1,2,47,0,0,0,0,0,0,23,14,14,4,13,2,1,0,1523059200
463,0,7,22,725,3469,78,114,39,19,118,54,3891,72,2,324,4,1,2,48,0,0,0,0,0,0,23,14,14,4,13,2,1,0,1523145600
464,0,7,22,725,3477,78,114,39,19,118,54,3899,72,2,324,4,1,2,49,0,0,0,0,0,0,24,14,14,5,13,2,1,0,1523232000
465,0,7,22,725,3491,78,114,39,19,118,54,3913,73,2,327,4,1,2,49,0,0,0,0,0,0,24,14,14,6,13,2,1,0,1523318400
466,0,7,22,725,3497,78,114,39,19,119,55,3921,74,3,330,4,1,2,49,0,0,0,0,0,0,25,14,14,4,15,2,1,0,1523404800
467,0,7,22,725,3507,78,114,39,19,120,57,3934,74,3,336,4,1,2,50,0,0,0,0,0,0,26,15,14,8,15,2,1,0,1523491200
468,0,7,22,725,3525,78,114,39,20,120,57,3953,74,6,339,4,1,2,50,0,0,0,0,0,0,26,15,14,8,15,2,1,0,1523577600
469,0,7,22,725,3529,78,114,39,20,120,57,3957,74,6,340,4,1,2,50,0,0,0,0,0,0,26,15,15,8,15,2,1,0,1523664000
470,0,7,22,725,3552,78,114,39,20,120,57,3980,74,5,350,4,1,2,50,0,0,0,0,0,0,27,15,15,8,15,2,1,0,1523750400
471,0,7,22,725,3563,78,114,39,20,120,57,3991,74,5,373,4,2,2,50,0,0,0,0,0,0,28,15,16,5,19,2,1,0,1523836800
472,0,7,22,725,3576,78,114,39,20,120,57,4004,74,5,385,4,2,2,50,0,0,0,0,0,0,29,15,17,0,24,3,1,0,1523923200
473,0,7,22,725,3593,78,115,39,20,121,57,4023,74,4,386,4,2,2,50,0,0,0,0,0,0,31,16,18,0,24,3,1,0,1524009600
474,0,7,22,725,3618,78,118,39,20,123,58,4054,74,3,388,4,2,2,50,0,0,0,0,0,0,31,16,18,0,24,3,1,0,1524096000
475,0,7,22,725,3632,79,120,39,20,124,58,4072,74,1,391,4,2,2,50,0,0,0,0,0,0,31,16,18,0,24,3,1,0,1524182400
476,0,7,23,750,3663,79,122,40,21,124,60,4109,74,3,406,4,2,2,50,0,0,0,0,0,0,31,16,18,2,24,2,1,0,1524268800
477,0,7,23,750,3685,81,123,40,21,125,60,4135,74,9,424,4,2,2,52,0,0,0,0,0,0,31,16,18,3,24,2,1,0,1524355200
478,0,7,24,775,3719,81,124,40,21,125,60,4170,74,12,453,4,2,2,53,0,0,0,0,0,0,31,16,20,3,24,2,1,0,1524441600
479,0,7,26,825,3769,82,124,42,21,125,60,4223,74,13,475,4,2,2,53,0,0,0,0,0,0,31,18,20,3,24,3,1,0,1524528000
480,0,7,26,825,3813,82,125,42,21,128,61,4272,74,14,488,4,2,3,54,0,0,0,0,0,0,32,18,20,3,24,3,1,0,1524614400
481,0,7,26,825,3842,83,125,42,21,130,61,4304,74,18,539,4,6,3,54,0,0,0,0,0,0,33,18,20,3,24,2,2,0,1524700800
482,0,7,27,850,3855,83,125,47,21,130,63,4324,74,18,564,4,7,3,54,0,0,0,0,0,0,34,19,20,3,24,2,2,0,1524787200
483,0,7,27,850,3880,84,125,48,21,130,63,4351,74,18,573,4,7,3,54,0,0,0,0,0,0,34,18,20,3,24,2,2,0,1524873600
484,0,7,27,850,3890,84,125,48,21,130,63,4361,74,10,599,4,8,3,59,0,0,0,0,0,0,34,19,20,3,25,2,2,0,1524960000
485,0,7,27,850,3904,84,125,48,21,130,64,4376,74,10,605,4,8,3,61,0,0,0,0,0,0,35,20,20,3,25,2,2,0,1525046400
486,0,7,27,850,3919,85,125,48,23,131,65,4396,74,9,623,4,8,3,63,0,0,0,0,0,0,37,20,21,3,25,2,2,0,1525132800
487,0,7,27,850,3951,85,125,49,23,133,68,4434,74,7,638,4,9,3,66,0,0,0,0,0,0,38,20,22,3,25,2,2,0,1525219200
488,0,8,27,875,3966,85,126,49,23,133,68,4450,74,8,657,4,9,3,71,0,0,0,0,0,0,38,21,22,3,28,2,2,0,1525305600
489,0,8,27,875,3977,85,126,50,23,133,68,4462,74,6,677,4,9,3,71,0,0,0,0,0,0,40,21,22,3,28,2,2,0,1525392000
490,0,8,28,900,3992,85,126,50,23,133,68,4477,74,8,689,4,9,3,72,0,0,0,0,0,0,40,22,22,3,29,5,2,0,1525478400
491,0,8,28,900,4000,85,126,50,23,134,68,4486,74,6,696,4,9,3,73,0,0,0,0,0,0,40,23,22,3,29,5,2,0,1525564800
492,0,8,28,900,4005,85,126,52,23,134,68,4493,74,8,699,4,9,3,73,0,0,0,0,0,0,42,24,23,3,29,5,2,0,1525651200
493,0,8,28,900,4015,85,128,52,23,134,68,4505,74,9,709,4,9,3,73,0,0,0,0,0,0,42,24,23,3,29,5,2,0,1525737600
494,0,8,28,900,4023,85,128,53,23,134,68,4514,74,9,711,4,9,3,73,0,0,0,0,0,0,42,24,23,3,29,5,2,0,1525824000
495,0,8,28,900,4036,85,128,53,23,134,68,4527,74,7,714,4,9,3,75,0,0,0,0,0,0,42,24,23,3,29,5,2,0,1525910400
496,0,8,28,900,4041,85,128,54,23,134,68,4533,74,7,721,4,11,3,76,0,0,0,0,0,0,42,24,23,5,29,6,2,0,1525996800
497,0,8,28,900,4043,85,128,54,23,134,68,4535,74,7,724,4,11,3,76,0,0,0,0,0,0,42,24,23,5,29,6,2,0,1526083200
498,0,8,28,900,4048,85,129,56,23,134,68,4543,74,7,735,4,11,3,76,0,0,0,0,0,0,42,25,23,5,29,5,3,0,1526169600
499,0,8,28,900,4051,85,129,56,23,135,69,4548,74,6,738,4,11,3,77,0,0,0,0,0,0,42,25,23,5,29,5,3,0,1526256000
500,0,8,28,900,4055,86,129,56,23,135,69,4553,74,7,745,4,12,3,77,0,0,0,0,0,0,42,25,23,5,29,5,3,0,1526342400
501,0,8,28,900,4061,87,129,56,23,135,69,4560,74,6,743,4,11,3,77,0,0,0,0,0,0,42,25,23,5,29,5,3,0,1526428800
502,0,8,28,900,4064,87,130,56,23,135,69,4564,74,5,745,4,11,3,77,0,0,0,0,0,0,42,25,23,5,29,5,3,0,1526515200
503,0,8,28,900,4068,87,130,56,23,135,69,4568,74,5,747,4,11,3,79,0,0,0,0,0,0,42,25,23,5,29,5,3,0,1526601600
504,0,8,28,900,4074,87,130,56,23,135,69,4574,74,4,752,4,11,3,79,0,0,0,0,0,0,42,25,23,5,29,5,3,0,1526688000
505,0,8,29,925,4080,87,130,56,23,136,69,4581,74,5,757,4,11,3,79,0,0,0,0,0,0,42,25,23,0,33,3,6,0,1526774400
506,0,8,29,925,4087,87,130,56,23,136,69,4588,74,4,766,4,11,3,80,0,0,0,0,0,0,43,25,24,2,33,2,6,0,1526860800
507,0,8,29,925,4091,88,130,56,23,136,69,4593,74,4,766,4,12,3,80,0,0,0,0,0,0,43,26,24,3,33,2,6,0,1526947200
508,0,8,29,925,4098,88,131,56,23,137,69,4602,74,4,772,4,12,3,81,0,0,0,0,0,0,43,26,24,3,33,2,6,0,1527033600
509,0,8,29,925,4101,88,131,56,23,137,69,4605,74,3,777,4,10,3,81,0,0,0,0,0,0,43,26,24,3,33,3,6,0,1527120000
510,0,8,29,925,4103,88,131,56,23,137,70,4608,74,3,773,4,10,3,81,0,0,0,0,0,0,43,26,24,3,33,3,6,0,1527206400
511,0,8,29,925,4105,89,132,56,23,137,70,4612,74,3,774,4,10,3,81,0,0,0,0,0,0,43,26,24,4,33,3,6,0,1527292800
512,0,8,29,925,4110,89,132,56,23,139,71,4620,74,3,779,4,10,3,83,0,0,0,0,0,0,43,26,24,6,33,3,6,0,1527379200
513,0,8,29,925,4112,89,132,56,23,139,71,4622,74,2,785,7,10,3,85,0,0,0,0,0,0,43,26,24,7,33,3,6,0,1527465600
514,0,8,29,925,4122,89,132,56,23,139,71,4632,74,1,804,7,10,3,92,0,0,0,0,0,0,43,26,24,7,33,3,6,0,1527552000
515,0,8,29,925,4126,89,132,56,23,139,71,4636,74,1,809,7,10,3,94,0,0,0,0,0,0,43,26,24,8,33,3,6,0,1527638400
516,0,8,29,925,4130,89,132,56,23,139,71,4640,74,1,819,7,10,3,95,0,0,0,0,0,0,43,26,24,5,37,3,6,0,1527724800
517,0,8,29,925,4137,90,132,56,23,139,71,4648,74,1,826,7,10,3,96,0,0,0,0,0,0,43,26,24,0,41,2,8,0,1527811200
518,0,8,29,925,4138,90,132,56,23,139,72,4650,74,1,829,7,10,3,96,0,0,0,0,0,0,44,26,25,0,41,2,8,0,1527897600
519,0,8,29,925,4141,90,133,56,23,140,74,4657,74,1,842,9,10,3,99,0,0,0,0,0,0,44,26,25,0,41,2,8,0,1527984000
520,0,8,29,925,4145,90,133,56,23,140,74,4661,74,1,893,9,10,3,100,0,0,0,0,0,0,44,27,25,0,41,2,8,0,1528070400
521,0,8,29,925,4146,90,133,56,24,140,74,4663,74,1,904,10,10,8,106,0,0,0,0,0,0,44,27,25,0,41,2,8,0,1528156800
522,0,8,29,925,4149,90,133,56,24,141,74,4667,74,3,907,12,10,19,109,0,0,0,0,0,0,45,26,26,0,41,2,8,0,1528243200
523,0,8,29,925,4151,90,133,56,24,141,74,4669,74,6,930,12,10,19,111,0,0,0,0,0,0,45,27,26,0,41,2,8,0,1528329600
524,0,8,29,925,4158,90,133,57,24,143,74,4679,74,6,936,13,10,20,113,0,0,0,0,0,0,45,27,26,0,41,2,8,0,1528416000
525,0,8,29,925,4161,90,133,57,24,143,74,4682,74,8,941,14,10,21,114,0,0,0,0,0,0,45,27,26,0,41,2,8,0,1528502400
526,0,8,29,925,4162,90,133,57,24,144,74,4684,74,8,946,14,10,22,115,0,0,0,0,0,0,45,27,26,0,41,2,8,0,1528588800
527,0,8,29,925,4164,90,133,57,24,144,74,4686,74,10,947,17,10,24,116,0,0,0,0,0,0,45,27,26,0,41,2,8,0,1528675200
528,0,8,29,925,4165,90,133,57,24,144,74,4687,74,8,950,17,10,26,118,0,0,0,0,0,0,45,27,26,0,41,2,8,0,1528761600
529,0,8,29,925,4165,90,133,58,24,144,74,4688,74,8,946,17,10,26,118,0,0,0,0,0,0,45,27,26,0,41,2,8,0,1528848000
530,0,8,29,925,4168,90,134,58,24,144,74,4692,74,6,948,17,10,26,119,0,0,0,0,0,0,45,27,26,0,41,2,8,0,1528934400
531,0,8,29,925,4168,90,134,58,24,144,74,4692,74,5,951,17,10,26,119,0,0,0,0,0,0,46,27,27,0,41,2,8,0,1529020800
532,0,8,29,925,4168,90,134,58,24,144,74,4692,74,6,949,17,10,26,119,0,0,0,0,0,0,46,28,27,2,41,1,8,0,1529107200
533,0,8,29,925,4169,90,134,58,24,144,74,4693,74,4,951,17,10,26,121,0,0,0,0,0,0,46,29,27,2,41,1,8,0,1529193600
534,0,8,29,925,4174,90,134,58,24,144,74,4698,74,4,950,19,10,26,122,0,0,0,0,0,0,46,28,28,2,41,1,8,0,1529280000
535,0,8,29,925,4182,91,134,60,24,144,74,4709,74,4,957,21,10,27,125,0,0,0,0,0,0,46,28,28,2,41,1,8,0,1529366400
536,0,8,29,925,4182,91,134,60,24,144,74,4709,74,3,962,21,10,28,125,0,0,0,0,0,0,46,28,28,2,41,1,8,0,1529452800
537,0,8,29,925,4185,91,134,61,24,144,74,4713,74,2,973,21,10,30,127,0,0,0,0,0,0,47,28,28,2,41,2,8,0,1529539200
538,0,8,29,925,4190,91,134,61,24,144,75,4719,74,2,977,21,10,30,127,0,0,0,0,0,0,47,28,28,2,42,2,8,0,1529625600
539,0,8,29,925,4191,92,134,61,24,144,75,4721,74,2,977,21,10,30,127,0,0,0,0,0,0,47,28,28,2,42,2,8,0,1529712000
540,0,8,29,925,4193,92,134,61,24,144,75,4723,74,3,981,23,10,31,128,0,0,0,0,0,0,48,30,28,0,46,1,9,0,1529798400
541,0,8,29,925,4195,92,134,61,24,144,75,4725,74,3,981,23,11,48,130,0,0,0,0,0,0,48,30,28,0,46,1,9,0,1529884800
542,0,8,29,925,4200,92,134,62,24,144,75,4731,74,3,985,23,11,64,130,0,0,0,0,0,0,48,30,28,0,46,1,9,0,1529971200
543,0,8,29,925,4201,92,134,62,24,144,75,4732,74,5,987,23,11,71,132,0,0,0,0,0,0,48,30,28,0,46,1,9,0,1530057600
544,0,8,29,925,4204,92,134,62,24,145,75,4736,74,6,987,23,11,74,137,0,0,0,0,0,0,48,30,28,0,46,2,9,0,1530144000
545,0,8,29,925,4208,92,134,62,24,145,75,4740,74,6,993,23,11,74,138,0,0,0,0,0,0,48,30,27,0,47,2,9,0,1530230400
546,0,8,29,925,4211,92,134,62,24,145,75,4743,74,4,998,23,11,74,138,0,0,0,0,0,0,48,30,27,0,48,2,9,0,1530316800
547,0,8,29,925,4215,92,134,62,24,146,76,4749,74,4,997,23,11,75,139,0,0,0,0,0,0,48,30,27,0,48,3,9,0,1530403200
548,0,8,29,925,4217,92,134,62,24,146,76,4751,74,4,999,23,11,75,140,0,0,0,0,0,0,48,30,27,0,49,2,9,0,1530489600
549,0,8,30,950,4221,92,134,62,24,146,76,4755,74,3,1006,23,11,75,140,0,0,0,0,0,0,48,29,27,0,49,2,9,0,1530576000
550,0,8,30,950,4222,92,134,62,24,146,76,4756,74,5,1006,23,11,75,141,0,0,0,0,0,0,48,29,27,0,49,2,9,0,1530662400
551,0,8,30,950,4229,92,134,63,24,146,76,4764,74,5,1007,23,11,76,142,0,0,0,0,0,0,49,29,28,0,49,2,9,0,1530748800
552,0,8,30,950,4236,92,134,63,24,151,76,4776,74,5,1007,23,11,76,144,0,0,0,0,0,0,50,29,28,0,49,2,9,0,1530835200
553,0,9,30,975,4237,92,134,64,24,152,76,4779,74,5,1010,23,12,76,145,0,0,0,0,0,0,50,29,28,0,49,2,9,0,1530921600
554,0,9,30,975,4240,94,134,64,24,152,76,4784,74,5,1012,23,12,76,145,0,0,0,0,0,0,50,30,28,0,49,2,9,0,1531008000
555,0,9,30,975,4242,95,134,64,24,152,77,4788,74,3,1013,23,12,76,147,0,0,0,0,0,0,50,31,28,0,49,2,9,0,1531094400
556,0,9,30,975,4244,95,134,64,24,152,77,4790,74,2,1017,23,12,76,147,0,0,0,0,0,0,50,31,28,0,49,2,9,0,1531180800
557,0,9,30,975,4247,95,134,64,24,152,77,4793,74,2,1022,23,14,76,147,0,0,0,0,0,0,50,31,28,0,49,2,9,0,1531267200
558,0,9,30,975,4250,95,134,64,24,152,77,4796,74,2,1023,23,14,76,147,0,0,0,0,0,0,50,31,28,0,49,3,9,0,1531353600
559,0,9,30,975,4256,95,134,64,24,153,77,4803,74,2,1028,23,14,76,148,0,0,0,0,0,0,50,32,28,0,49,3,9,0,1531440000
560,0,9,30,975,4256,95,134,64,24,153,77,4803,74,2,1035,23,16,76,148,0,0,0,0,0,0,50,32,28,0,49,3,9,0,1531526400
561,0,9,30,975,4258,95,134,64,24,153,78,4806,74,4,1038,23,16,76,149,0,0,0,0,0,0,50,32,28,0,49,3,9,0,1531612800
562,0,9,30,975,4260,95,134,64,24,153,78,4808,74,6,1038,23,16,76,149,0,0,0,0,0,0,50,32,29,0,49,3,9,0,1531699200
563,0,9,30,975,4263,95,134,64,24,153,78,4811,74,6,1039,23,16,76,149,0,0,0,0,0,0,51,33,29,0,49,4,9,0,1531785600
564,0,9,30,975,4264,95,134,65,25,153,78,4814,74,6,1045,23,16,76,150,0,0,0,0,0,0,50,32,29,0,49,4,9,0,1531872000
565,0,9,30,975,4268,95,134,65,25,154,78,4819,74,6,1046,23,17,76,151,0,0,0,0,0,0,51,32,30,0,49,5,9,0,1531958400
566,0,9,30,975,4271,95,134,65,26,154,78,4823,74,6,1051,23,17,76,151,0,0,0,0,0,0,51,32,30,0,49,5,9,0,1532044800
567,0,9,30,975,4272,95,135,65,26,161,78,4832,74,5,1052,23,17,76,152,0,0,0,0,0,0,51,32,30,0,49,5,9,0,1532131200
568,0,9,30,975,4274,95,135,65,27,163,78,4837,74,4,1056,23,17,76,152,0,0,0,0,0,0,51,32,30,0,49,5,9,0,1532217600
569,0,9,30,975,4275,95,135,65,27,163,79,4839,74,3,1061,23,17,79,155,0,0,0,0,0,0,51,33,30,2,49,4,9,0,1532304000
570,0,9,30,975,4276,95,135,65,27,163,79,4840,74,2,1059,23,18,79,155,0,0,0,0,0,0,51,36,30,0,50,4,10,0,1532390400
571,0,9,30,975,4278,96,135,65,27,163,79,4843,74,1,1060,23,18,79,155,0,0,0,0,0,0,51,36,30,0,50,4,10,0,1532476800
572,0,9,30,975,4278,96,135,65,27,163,79,4843,74,1,1061,23,18,79,155,0,0,0,0,0,0,51,36,30,0,50,4,10,0,1532563200
573,0,9,30,975,4280,96,135,65,27,163,79,4845,74,2,1058,23,18,79,157,0,0,0,0,0,0,51,36,30,0,50,4,10,0,1532649600
574,0,9,30,975,4283,96,135,65,27,163,79,4848,74,3,1061,22,19,80,159,0,0,0,0,0,0,51,36,30,0,50,4,10,0,1532736000
575,0,9,30,975,4285,97,135,65,27,163,79,4851,74,3,1058,22,19,80,159,0,0,0,0,0,0,51,36,30,0,50,4,10,0,1532822400
576,0,9,30,975,4288,97,135,65,27,164,79,4855,74,3,1063,22,19,84,160,0,0,0,0,0,0,51,36,31,0,50,4,10,0,1532908800
577,0,9,30,975,4294,97,135,65,27,164,80,4862,74,3,1063,22,20,84,161,0,0,0,0,0,0,51,36,31,0,50,4,10,0,1532995200
578,0,9,30,975,4299,97,135,65,27,164,80,4867,74,3,1066,22,20,84,163,0,0,0,0,0,0,52,36,32,0,51,4,10,0,1533081600
579,0,9,30,975,4301,97,135,65,27,164,80,4869,74,2,1069,22,20,84,163,0,0,0,0,0,0,52,36,32,0,51,4,10,0,1533168000
580,0,9,30,975,4304,97,135,65,28,164,80,4873,74,2,1073,22,20,84,163,0,0,0,0,0,0,52,36,32,0,51,4,10,0,1533254400
581,0,9,30,975,4305,97,135,65,28,164,80,4874,74,1,1074,22,20,84,164,0,0,0,0,0,0,52,36,32,0,51,4,10,0,1533340800
582,0,9,30,975,4307,97,135,65,28,164,80,4876,74,1,1074,22,20,84,164,0,0,0,0,0,0,52,36,32,0,51,4,10,0,1533427200
583,0,9,30,975,4307,97,135,65,28,164,80,4876,74,1,1079,32,20,84,165,0,0,0,0,0,0,52,36,32,0,51,4,10,0,1533513600
584,0,9,30,975,4311,98,135,65,28,164,81,4882,74,2,1081,32,21,84,165,0,0,0,0,0,0,52,36,32,0,51,4,10,0,1533600000
585,0,9,30,975,4312,98,135,65,28,164,81,4883,74,3,1089,33,21,85,166,0,0,0,0,0,0,52,36,32,0,51,4,10,0,1533686400
586,0,9,30,975,4315,98,135,65,28,164,81,4886,74,4,1092,37,21,86,167,0,0,0,0,0,0,53,37,32,0,51,4,10,0,1533772800
587,0,9,30,975,4317,98,135,65,28,164,81,4888,74,3,1101,37,21,87,168,0,0,0,0,0,0,53,37,32,0,51,4,10,0,1533859200
588,0,9,30,975,4317,98,135,65,28,164,81,4888,74,3,1098,37,21,87,169,0,0,0,0,0,0,53,37,32,0,51,4,10,0,1533945600
589,0,9,30,975,4318,98,135,65,28,164,81,4889,74,3,1098,37,21,87,169,0,0,0,0,0,0,53,37,31,0,51,4,10,0,1534032000
590,0,9,30,975,4319,98,135,65,28,164,81,4890,74,3,1098,37,21,87,171,0,0,0,0,0,0,53,38,31,0,51,4,10,0,1534118400
591,0,9,30,975,4319,98,135,65,28,164,81,4890,74,1,1101,37,21,87,172,0,0,0,0,0,0,53,38,31,0,51,4,10,0,1534204800
592,0,9,30,975,4320,98,135,66,28,164,82,4893,74,0,1104,37,21,87,173,0,0,0,0,0,0,53,38,31,0,51,4,10,0,1534291200
593,0,9,30,975,4321,98,135,66,28,164,82,4894,74,0,1105,37,21,89,177,0,0,0,0,0,0,53,38,31,0,51,4,10,0,1534377600
594,0,9,30,975,4327,98,136,66,28,164,82,4901,74,0,1107,37,22,90,180,0,0,0,0,0,0,53,38,31,0,51,4,10,0,1534464000
595,0,9,31,1000,4328,99,136,66,28,164,82,4903,74,0,1109,44,21,91,180,0,0,0,0,0,0,53,38,31,0,51,4,10,0,1534550400
596,0,9,31,1000,4329,100,136,66,28,164,82,4905,74,0,1111,44,21,91,180,0,0,0,0,0,0,53,38,31,0,51,4,10,0,1534636800
597,0,9,31,1000,4329,100,136,66,28,164,82,4905,74,0,1112,44,21,91,180,0,0,0,0,0,0,54,38,32,0,51,5,10,0,1534723200
598,0,9,31,1000,4332,100,136,66,28,164,82,4908,74,1,1113,44,21,91,180,0,0,0,0,0,0,54,38,32,0,51,6,10,0,1534809600
599,0,9,31,1000,4335,100,136,67,28,164,82,4912,74,1,1110,44,21,91,181,0,0,0,0,0,0,54,38,32,0,51,6,10,0,1534896000
600,0,9,31,1000,4336,100,136,67,28,164,82,4913,74,1,1108,44,21,91,181,0,0,0,0,0,0,54,39,32,2,51,5,10,0,1534982400
601,0,9,31,1000,4336,100,136,67,28,164,82,4913,74,1,1111,44,21,91,181,0,0,0,0,0,0,54,39,32,2,51,5,10,0,1535068800
602,0,9,31,1000,4338,100,136,67,28,164,82,4915,74,1,1111,44,21,91,182,0,0,0,0,0,0,54,39,33,0,56,6,10,0,1535155200
603,0,9,31,1000,4338,100,136,67,28,164,82,4915,74,3,1113,45,21,94,182,0,0,0,0,0,0,54,39,33,0,58,6,10,0,1535241600
604,0,9,31,1000,4339,100,136,67,28,164,82,4916,74,2,1111,45,21,95,182,0,0,0,0,0,0,54,40,33,0,58,6,10,0,1535328000
605,0,9,31,1000,4341,100,136,67,28,165,82,4919,74,2,1113,44,21,96,182,0,0,0,0,0,0,54,40,33,0,58,6,10,0,1535414400
606,0,9,31,1000,4343,100,136,67,28,165,82,4921,74,2,1117,44,22,96,183,0,0,0,0,0,0,54,40,33,0,58,6,10,0,1535500800
607,0,9,31,1000,4344,100,136,67,28,166,82,4923,74,2,1115,44,21,96,183,0,0,0,0,0,0,54,40,33,0,58,6,10,0,1535587200
608,0,9,31,1000,4346,100,136,67,28,166,82,4925,74,2,1117,44,21,96,183,0,0,0,0,0,0,54,40,33,0,58,6,10,0,1535673600
609,0,9,31,1000,4348,101,136,67,28,166,82,4928,74,2,1116,44,21,96,183,0,0,0,0,0,0,54,40,33,0,58,6,10,0,1535760000
610,0,9,31,1000,4349,101,136,67,28,166,82,4929,74,0,1133,44,21,112,185,0,0,0,0,0,0,54,40,33,0,58,6,10,0,1535846400
611,0,9,31,1000,4350,101,136,67,28,166,82,4930,74,0,1157,44,21,124,186,0,0,0,0,0,0,54,40,33,0,59,6,11,0,1535932800
612,0,9,31,1000,4355,101,136,67,28,166,82,4935,74,0,1165,44,21,132,187,0,0,0,0,0,0,54,40,33,0,59,10,11,0,1536019200
613,0,9,31,1000,4358,101,136,67,28,166,82,4938,74,0,1176,44,21,138,188,0,0,0,0,0,0,54,41,33,2,61,9,12,0,1536105600
614,0,9,31,1000,4359,103,136,67,28,166,82,4941,74,0,1178,44,21,140,189,0,0,0,0,0,0,54,41,33,0,62,10,12,0,1536192000
615,0,9,31,1000,4360,103,136,67,28,166,82,4942,74,1,1181,44,21,142,189,0,0,0,0,0,0,54,41,33,0,63,10,12,0,1536278400
616,0,9,31,1000,4363,103,136,67,28,166,82,4945,74,1,1189,44,21,143,192,0,0,0,0,0,0,55,41,33,0,63,13,13,0,1536364800
617,0,9,31,1000,4363,103,136,67,28,166,82,4945,74,2,1190,44,21,144,193,0,0,0,0,0,0,55,41,33,2,65,15,13,0,1536451200
618,0,9,31,1000,4365,103,136,67,28,166,82,4947,74,4,1191,44,20,145,194,0,0,0,0,0,0,55,40,33,2,66,15,13,0,1536537600
619,0,9,31,1000,4365,103,136,67,28,166,82,4947,74,4,1196,44,21,145,195,0,0,0,0,0,0,55,40,33,2,66,16,13,0,1536624000
620,0,9,31,1000,4372,103,136,70,28,166,82,4957,74,4,1223,44,21,152,197,0,0,0,0,0,0,55,40,33,2,67,17,13,0,1536710400
621,0,9,31,1000,4375,103,136,70,28,167,82,4961,74,3,1282,44,21,157,200,0,0,0,0,0,0,55,40,33,2,67,17,13,0,1536796800
622,0,9,31,1000,4376,103,136,70,28,167,82,4962,74,3,1287,44,20,157,200,0,0,0,0,0,0,55,40,33,2,67,17,13,0,1536883200
623,0,9,31,1000,4377,103,136,70,28,168,82,4964,74,4,1298,44,21,157,200,0,0,0,0,0,0,55,40,33,2,67,17,13,0,1536969600
624,0,9,31,1000,4378,103,136,70,28,168,82,4965,74,3,1303,44,22,157,200,0,0,0,0,0,0,55,40,33,3,67,17,13,0,1537056000
625,0,9,31,1000,4381,103,136,70,28,168,82,4968,74,1,1305,44,22,157,200,0,0,0,0,0,0,55,40,33,0,69,18,13,0,1537142400
626,0,9,31,1000,4381,103,136,70,28,168,82,4968,74,1,1304,44,22,157,200,0,0,0,0,0,0,55,40,33,0,70,16,15,0,1537228800
627,0,9,31,1000,4382,103,136,70,28,169,82,4970,74,1,1305,44,22,158,200,0,0,0,0,0,0,55,40,33,0,70,16,15,0,1537315200
628,0,9,31,1000,4387,103,136,70,28,169,82,4975,74,1,1304,44,22,158,200,0,0,0,0,0,0,55,40,33,0,70,16,15,0,1537401600
629,0,9,31,1000,4388,103,136,70,28,169,82,4976,74,1,1303,44,22,158,200,0,0,0,0,0,0,55,40,33,0,70,16,15,0,1537488000
630,0,9,31,1000,4388,103,136,70,28,169,82,4976,74,0,1298,44,22,158,200,0,0,0,0,0,0,55,40,33,0,70,16,15,0,1537574400
631,0,9,31,1000,4388,103,136,70,28,169,82,4976,74,0,1298,44,22,158,200,0,0,0,0,0,0,55,41,34,0,70,16,15,0,1537660800
632,0,9,31,1000,4388,103,136,70,28,169,82,4976,74,0,1301,44,22,158,201,0,0,0,0,0,0,55,40,34,0,71,16,15,0,1537747200
633,0,9,31,1000,4389,103,136,70,28,169,82,4977,74,0,1301,44,22,158,201,0,0,0,0,0,0,55,40,34,0,73,16,15,0,1537833600
634,0,9,31,1000,4389,103,136,70,28,169,82,4977,74,0,1303,44,22,158,201,0,0,0,0,0,0,55,40,34,0,73,15,16,0,1537920000
635,0,9,31,1000,4389,103,136,70,28,169,82,4977,74,0,1306,44,22,158,201,0,0,0,0,0,0,55,40,34,0,73,15,17,0,1538006400
636,0,10,31,1025,4392,103,136,70,28,171,82,4982,74,0,1307,44,22,159,203,0,0,0,0,0,0,55,40,34,0,73,15,17,0,1538092800
637,0,10,31,1025,4392,103,136,70,29,172,82,4984,74,0,1308,44,22,159,203,0,0,0,0,0,0,55,40,34,0,73,15,17,0,1538179200
638,0,10,31,1025,4395,103,138,70,29,172,82,4989,74,0,1310,44,23,159,203,0,0,0,0,0,0,56,40,35,0,73,15,17,0,1538265600
639,0,10,31,1025,4400,103,139,70,30,172,82,4996,74,0,1314,44,23,159,205,0,0,0,0,0,0,55,40,34,0,73,15,17,0,1538352000
640,0,10,31,1025,4407,103,140,71,30,172,82,5005,74,0,1320,44,23,159,205,0,0,0,0,0,0,55,40,34,0,73,15,17,0,1538438400
641,0,10,31,1025,4410,103,140,71,30,174,82,5010,74,0,1323,44,23,160,206,0,0,0,0,0,0,55,40,34,0,73,15,17,0,1538524800
642,0,10,32,1050,4415,104,140,71,30,174,82,5016,74,0,1332,44,23,160,208,0,0,0,0,0,0,55,40,34,0,73,15,17,0,1538611200
643,0,10,32,1050,4416,104,140,71,30,174,82,5017,74,0,1335,44,23,160,208,0,0,0,0,0,0,55,40,34,0,73,15,17,0,1538697600
644,0,10,32,1050,4417,104,140,71,30,174,82,5018,74,0,1336,44,23,160,208,0,0,0,0,0,0,56,40,35,0,74,15,17,0,1538784000
645,0,10,32,1050,4419,104,140,71,30,174,82,5020,74,0,1341,44,23,161,208,0,0,0,0,0,0,57,40,35,0,74,15,17,0,1538870400
646,0,10,32,1050,4420,104,140,71,30,174,82,5021,74,1,1339,44,23,163,209,0,0,0,0,0,0,57,40,35,0,74,14,18,0,1538956800
647,0,10,32,1050,4428,105,141,71,30,175,82,5032,74,1,1339,44,24,163,209,0,0,0,0,0,0,57,40,35,0,74,14,18,0,1539043200
648,0,10,32,1050,4429,105,141,71,30,175,82,5033,74,2,1320,44,24,163,209,0,0,0,0,0,0,58,40,35,0,74,14,18,0,1539129600
649,0,10,32,1050,4434,105,141,71,30,175,82,5038,74,2,1331,44,25,163,209,0,0,0,0,0,0,59,40,35,0,74,14,18,0,1539216000
650,0,10,32,1050,4434,105,141,71,30,175,82,5038,74,2,1336,44,25,163,209,0,0,0,0,0,0,59,40,35,0,74,14,18,0,1539302400
651,0,10,32,1050,4435,105,141,71,30,175,82,5039,74,2,1345,44,25,163,209,0,0,0,0,0,0,59,40,35,0,74,14,18,0,1539388800
652,0,10,32,1050,4435,105,141,71,30,175,82,5039,74,2,1346,44,25,163,209,0,0,0,0,0,0,59,40,34,0,74,14,18,0,1539475200
653,0,10,32,1050,4440,107,141,71,30,175,82,5046,74,1,1354,44,25,163,209,0,0,0,0,0,0,59,40,34,0,74,14,18,0,1539561600
654,0,10,32,1050,4444,107,142,71,30,175,82,5051,74,0,1363,44,25,163,209,0,0,0,0,0,0,59,40,34,0,74,14,18,0,1539648000
655,0,10,32,1050,4446,107,142,71,30,175,83,5054,74,0,1365,44,25,163,209,0,0,0,0,0,0,59,40,34,0,74,14,18,0,1539734400
656,0,10,32,1050,4447,108,142,71,30,175,83,5056,74,0,1369,44,25,165,209,0,0,0,0,0,0,59,40,34,0,74,14,18,0,1539820800
657,0,10,32,1050,4454,108,143,72,31,175,84,5067,74,0,1377,44,25,167,211,0,0,0,0,0,0,58,40,33,0,74,14,18,0,1539907200
658,0,10,32,1050,4456,108,143,72,31,175,84,5069,74,0,1385,44,25,168,211,0,0,0,0,0,0,58,40,33,0,74,14,18,0,1539993600
659,0,10,32,1050,4459,108,143,72,31,175,84,5072,74,0,1391,44,25,168,211,0,0,0,0,0,0,58,40,33,0,74,14,18,0,1540080000
660,0,10,32,1050,4461,108,143,72,31,175,84,5074,74,0,1398,44,26,169,213,0,0,0,0,0,0,58,40,33,0,74,14,18,0,1540166400
661,0,10,32,1050,4464,108,143,72,31,175,84,5077,74,0,1378,44,27,172,213,0,0,0,0,0,0,57,40,32,0,76,14,18,0,1540252800
662,0,10,32,1050,4465,108,143,72,31,175,84,5078,74,0,1399,44,29,174,214,0,0,0,0,0,0,57,40,32,0,76,14,18,0,1540339200
663,0,10,32,1050,4466,108,143,72,31,175,84,5079,74,0,1404,44,28,173,214,0,0,0,0,0,0,57,40,33,0,76,14,18,0,1540425600
664,0,10,32,1050,4472,108,143,72,31,175,84,5085,74,0,1416,44,28,173,214,0,0,0,0,0,0,57,40,33,0,76,14,18,0,1540512000
665,0,10,32,1050,4473,108,143,74,31,175,84,5088,74,0,1425,44,28,173,214,0,0,0,0,0,0,57,40,33,0,76,14,18,0,1540598400
666,0,10,32,1050,4477,108,144,74,32,175,84,5094,74,0,1431,43,28,173,214,0,0,0,0,0,0,57,41,33,0,77,12,22,0,1540684800
667,0,10,32,1050,4482,108,144,74,32,175,84,5099,74,0,1433,44,28,173,215,0,0,0,0,0,0,57,41,33,3,77,11,22,0,1540771200
668,0,10,32,1050,4483,108,144,74,32,175,84,5100,74,1,1436,44,28,174,217,0,0,0,0,0,0,57,41,33,3,77,11,22,0,1540857600
669,0,10,32,1050,4484,108,144,74,32,175,84,5101,74,1,1434,44,28,174,217,0,0,0,0,0,0,57,41,33,0,79,11,23,0,1540944000
670,0,10,32,1050,4488,108,144,74,32,175,84,5105,74,1,1438,44,28,174,218,0,0,0,0,0,0,58,41,33,0,82,7,26,0,1541030400
671,0,10,32,1050,4488,108,144,74,32,175,84,5105,74,1,1444,44,28,178,220,0,0,0,0,0,0,58,41,33,0,82,11,26,0,1541116800
672,0,10,32,1050,4491,108,144,74,33,175,84,5109,74,1,1446,44,28,178,220,0,0,0,0,0,0,58,41,33,0,88,12,26,0,1541203200
673,0,10,32,1050,4491,108,144,74,33,175,84,5109,74,1,1461,44,29,179,221,0,0,0,0,0,0,58,42,33,0,89,12,26,0,1541289600
674,0,10,32,1050,4492,109,144,74,33,175,85,5112,74,1,1465,44,29,178,221,0,0,0,0,0,0,58,42,33,0,89,12,26,0,1541376000
675,0,10,32,1050,4493,109,144,74,33,175,86,5114,74,0,1478,44,29,179,221,0,0,0,0,0,0,59,42,33,0,89,12,26,0,1541462400
676,0,10,32,1050,4494,109,144,74,33,175,86,5115,74,0,1486,44,29,180,222,0,0,0,0,0,0,60,44,33,0,89,12,26,0,1541548800
677,0,10,32,1050,4496,109,144,74,33,175,86,5117,74,0,1496,44,30,182,223,0,0,0,0,0,0,60,45,33,0,89,13,26,0,1541635200
678,0,10,32,1050,4499,109,144,75,33,175,86,5121,74,1,1506,44,30,182,223,0,0,0,0,0,0,60,44,33,0,89,13,26,0,1541721600
679,0,10,32,1050,4502,109,144,76,33,175,86,5125,74,1,1528,44,30,183,224,0,0,0,0,0,0,61,44,33,0,89,13,26,0,1541808000
680,0,10,32,1050,4503,109,144,76,33,175,86,5126,74,1,1561,44,30,183,224,0,0,0,0,0,0,61,44,33,0,91,12,26,0,1541894400
681,0,10,32,1050,4503,109,144,76,33,175,86,5126,74,1,1576,44,30,184,226,0,0,0,0,0,0,61,44,33,0,91,12,26,0,1541980800
682,0,10,32,1050,4505,109,144,76,33,175,86,5128,74,1,1584,44,30,186,226,0,0,0,0,0,0,61,44,33,0,91,12,26,0,1542067200
683,0,10,32,1050,4509,109,144,76,33,175,86,5132,74,2,1617,44,31,187,228,0,0,0,0,0,0,61,43,33,0,91,12,26,0,1542153600
684,0,10,32,1050,4509,110,144,76,33,175,86,5133,74,2,1623,44,31,187,228,0,0,0,0,0,0,61,44,33,0,91,12,26,0,1542240000
685,0,10,32,1050,4512,110,145,76,33,175,86,5137,74,2,1625,44,31,187,228,0,0,0,0,0,0,61,44,33,0,91,12,26,0,1542326400
686,0,10,32,1050,4516,110,145,76,33,175,86,5141,74,2,1626,44,31,189,229,0,0,0,0,0,0,61,45,33,0,91,13,26,0,1542412800
687,0,10,32,1050,4519,110,145,76,33,175,86,5144,74,2,1630,44,31,190,229,0,0,0,0,0,0,61,44,32,3,92,12,26,0,1542499200
688,0,10,32,1050,4519,110,145,76,33,175,86,5144,74,2,1629,45,31,190,229,0,0,0,0,0,0,61,45,32,3,93,12,26,0,1542585600
689,0,10,32,1050,4521,110,145,76,33,175,86,5146,74,1,1627,45,31,189,229,0,0,0,0,0,0,61,45,32,0,96,12,26,0,1542672000
690,0,10,32,1050,4527,110,146,76,33,175,86,5153,74,1,1628,45,31,189,230,0,0,0,0,0,0,61,45,32,0,96,12,26,0,1542758400
691,0,10,32,1050,4527,110,146,76,33,175,86,5153,74,1,1627,45,31,190,231,0,0,0,0,0,0,61,45,32,0,96,12,26,0,1542844800
692,0,10,32,1050,4527,110,146,76,33,175,86,5153,74,1,1630,45,31,190,231,0,0,0,0,0,0,61,46,32,0,96,12,26,0,1542931200
693,0,10,32,1050,4529,110,146,76,33,175,86,5155,74,1,1629,44,31,191,231,0,0,0,0,0,0,60,46,31,0,96,12,26,0,1543017600
694,0,10,32,1050,4529,110,146,76,33,175,86,5155,74,1,1628,44,31,185,233,0,0,0,0,0,0,60,46,31,0,96,12,26,0,1543104000
695,0,10,32,1050,4529,110,146,76,33,175,86,5155,74,1,1626,44,31,185,233,0,0,0,0,0,0,60,47,31,0,96,12,26,0,1543190400
696,0,10,32,1050,4529,110,146,77,33,175,86,5156,74,1,1626,44,31,185,233,0,0,0,0,0,0,60,47,31,0,96,12,26,0,1543276800
697,0,10,32,1050,4529,110,146,77,33,175,87,5157,74,0,1622,44,31,185,234,0,0,0,0,0,0,60,47,31,0,96,12,26,0,1543363200
698,0,10,32,1050,4529,110,146,77,33,175,87,5157,74,0,1622,44,32,185,234,0,0,0,0,0,0,60,47,31,0,96,12,26,0,1543449600
699,0,10,32,1050,4530,110,146,77,33,175,87,5158,74,1,1625,45,32,185,235,0,0,0,0,0,0,60,47,31,0,96,12,26,0,1543536000
700,0,10,32,1050,4531,110,146,77,34,175,87,5160,74,2,1628,45,32,185,235,0,0,0,0,0,0,60,46,31,0,96,12,26,0,1543622400
701,0,10,32,1050,4533,110,146,77,35,175,87,5163,74,2,1631,45,32,185,235,0,0,0,0,0,0,61,47,31,0,96,12,26,0,1543708800
702,0,10,32,1050,4534,110,146,77,35,175,87,5164,74,2,1634,45,32,186,236,0,0,0,0,0,0,61,47,31,0,96,12,26,0,1543795200
703,0,10,32,1050,4535,110,146,77,35,176,87,5166,74,2,1636,45,32,186,237,0,0,0,0,0,0,61,48,31,0,96,12,26,0,1543881600
704,0,10,32,1050,4537,110,146,77,35,176,87,5168,74,2,1635,45,32,186,237,0,0,0,0,0,0,61,48,31,0,97,13,26,0,1543968000
705,0,10,32,1050,4537,110,146,77,35,176,87,5168,74,2,1634,45,32,186,237,0,0,0,0,0,0,61,48,31,0,97,13,26,0,1544054400
706,0,10,32,1050,4538,110,146,77,35,176,87,5169,74,1,1636,45,32,186,237,0,0,0,0,0,0,61,48,31,0,97,13,26,0,1544140800
707,0,10,32,1050,4540,110,146,77,35,176,88,5172,74,1,1637,45,32,186,237,0,0,0,0,0,0,61,48,31,0,97,13,26,0,1544227200
708,0,10,32,1050,4540,110,146,77,35,176,88,5172,74,1,1646,45,32,187,238,0,0,0,0,0,0,61,48,31,0,97,13,26,0,1544313600
709,0,10,32,1050,4540,110,146,77,35,176,88,5172,74,1,1646,45,32,189,239,0,0,0,0,0,0,61,48,30,0,97,13,26,0,1544400000
710,0,10,32,1050,4540,110,146,77,35,176,88,5172,74,1,1652,45,32,189,239,0,0,0,0,0,0,61,48,30,0,97,13,26,0,1544486400
711,0,10,32,1050,4543,111,146,77,35,176,88,5176,74,1,1651,45,32,193,239,0,0,0,0,0,0,61,48,30,0,97,13,26,0,1544572800
712,0,10,32,1050,4543,111,147,77,35,176,88,5177,74,1,1653,45,32,193,239,0,0,0,0,0,0,61,48,30,0,97,13,26,0,1544659200
713,0,10,32,1050,4543,111,147,77,35,176,88,5177,74,1,1652,45,32,193,239,0,0,0,0,0,0,61,48,30,0,97,13,26,0,1544745600
714,0,10,32,1050,4545,112,148,77,36,176,88,5182,74,1,1652,45,33,193,239,0,0,0,0,0,0,61,48,30,0,98,13,26,0,1544832000
715,0,10,32,1050,4545,112,148,77,36,176,88,5182,74,1,1653,45,33,193,240,0,0,0,0,0,0,61,48,30,0,100,13,26,0,1544918400
716,0,10,32,1050,4547,112,148,77,37,176,88,5185,74,1,1652,45,33,193,241,0,0,0,0,0,0,61,48,30,2,100,12,26,0,1545004800
717,0,10,32,1050,4548,112,148,78,38,176,88,5188,74,0,1650,45,33,193,241,0,0,0,0,0,0,61,48,30,3,100,12,26,0,1545091200
718,0,10,32,1050,4549,112,148,79,39,177,88,5192,74,0,1654,45,33,194,242,0,0,0,0,0,0,61,48,30,0,102,13,26,0,1545177600
719,0,10,32,1050,4553,113,151,79,43,177,88,5204,74,0,1650,45,33,195,242,0,0,0,0,0,0,61,48,30,0,103,13,26,0,1545264000
720,0,10,32,1050,4553,113,151,79,43,177,88,5204,74,0,1651,45,33,195,242,0,0,0,0,0,0,61,48,31,0,103,13,26,0,1545350400
721,0,10,32,1050,4554,113,151,79,43,177,88,5205,74,0,1656,45,33,195,243,0,0,0,0,0,0,61,48,31,2,106,12,26,0,1545436800
722,0,10,32,1050,4554,113,151,79,43,177,88,5205,74,0,1657,45,33,195,243,0,0,0,0,0,0,60,47,31,3,106,12,26,0,1545523200
723,0,10,32,1050,4555,114,151,80,43,177,89,5209,74,0,1656,45,33,195,244,0,0,0,0,0,0,60,47,31,2,109,12,26,0,1545609600
724,0,10,32,1050,4556,114,151,80,43,177,89,5210,74,0,1660,45,34,195,244,0,0,0,0,0,0,60,47,31,2,109,12,26,0,1545696000
725,0,10,32,1050,4556,114,151,80,43,177,89,5210,74,0,1663,45,33,195,245,0,0,0,0,0,0,60,47,31,2,109,12,26,0,1545782400
726,0,10,32,1050,4556,114,151,80,43,177,89,5210,140,0,1659,45,34,195,245,0,0,0,0,0,0,60,47,31,2,109,12,26,0,1545868800
727,0,10,32,1050,4556,114,151,80,43,177,89,5210,140,0,1659,45,34,196,245,0,0,0,0,0,0,60,47,31,2,109,12,26,0,1545955200
728,0,10,32,1050,4557,114,151,80,43,177,89,5211,140,0,1660,45,34,196,245,0,0,0,0,0,0,60,48,31,2,109,12,26,0,1546041600
729,0,10,32,1050,4560,115,151,82,43,178,89,5218,140,0,1661,45,34,196,245,0,0,0,0,0,0,60,48,31,2,109,12,26,0,1546128000
730,0,10,32,1050,4561,115,151,82,43,178,89,5219,139,0,1660,45,34,196,245,0,0,0,0,0,0,60,48,31,2,109,12,26,0,1546214400
731,0,10,32,1050,4561,115,152,82,43,178,89,5220,139,0,1662,45,35,196,245,0,0,0,0,0,0,60,48,31,2,109,12,26,0,1546300800
732,0,10,32,1050,4561,115,152,83,43,178,89,5221,139,0,1657,45,35,196,245,0,0,0,0,0,0,60,48,31,2,109,12,26,0,1546387200
733,0,10,32,1050,4561,115,152,83,43,178,89,5221,139,0,1657,44,35,196,246,0,0,0,0,0,0,60,48,31,3,109,12,26,0,1546473600
734,0,10,32,1050,4561,115,152,83,43,179,89,5222,139,0,1655,44,35,196,247,0,0,0,0,0,0,60,48,31,3,109,12,26,0,1546560000
735,0,10,32,1050,4561,115,152,83,43,179,89,5222,139,0,1656,44,35,196,247,0,0,0,0,0,0,60,48,31,3,109,12,26,0,1546646400
736,0,10,32,1050,4563,115,152,83,43,179,89,5224,139,0,1654,44,35,196,247,0,0,0,0,0,0,60,48,31,3,110,12,26,0,1546732800
737,0,10,32,1050,4563,115,152,83,43,179,89,5224,139,0,1661,46,35,196,247,0,0,0,0,0,0,60,48,31,3,110,12,26,0,1546819200
738,0,10,32,1050,4563,115,152,84,43,179,89,5225,139,0,1664,46,35,196,247,0,0,0,0,0,0,60,48,31,4,110,12,26,0,1546905600
739,0,10,32,1050,4563,115,152,84,43,179,89,5225,139,0,1662,46,35,196,247,0,0,0,0,0,0,60,48,31,2,113,12,26,0,1546992000
740,0,10,32,1050,4563,115,152,84,43,179,89,5225,139,0,1659,46,35,196,247,0,0,0,0,0,0,60,48,31,2,113,12,26,0,1547078400
741,0,10,32,1050,4564,115,152,84,43,179,89,5226,139,0,1658,46,35,196,247,0,0,0,0,0,0,60,48,31,3,113,12,26,0,1547164800
742,0,10,32,1050,4564,115,152,84,43,179,89,5226,139,0,1661,46,35,196,248,0,0,0,0,0,0,60,49,31,2,117,7,31,0,1547251200
743,0,10,32,1050,4564,115,152,84,43,179,89,5226,139,0,1662,46,36,196,248,0,0,0,0,0,0,60,49,30,2,117,7,31,0,1547337600
744,0,10,32,1050,4564,115,152,84,43,179,89,5226,141,2,1661,46,36,197,248,0,0,0,0,0,0,60,49,30,0,119,8,31,0,1547424000
745,0,10,32,1050,4566,115,153,84,44,179,90,5231,141,2,1665,46,36,197,248,0,0,0,0,0,0,61,49,30,0,119,8,31,0,1547510400
746,0,10,32,1050,4566,115,153,84,44,179,90,5231,141,2,1662,46,36,197,248,0,0,0,0,0,0,61,49,30,0,119,8,31,0,1547596800
747,0,10,32,1050,4567,115,153,84,44,179,90,5232,141,2,1667,46,36,197,248,0,0,0,0,0,0,61,49,30,0,119,8,31,0,1547683200
748,0,10,32,1050,4567,115,153,85,44,179,91,5234,141,2,1670,46,36,197,248,0,0,0,0,0,0,62,50,30,2,119,7,31,0,1547769600
749,0,10,32,1050,4567,115,153,85,44,179,91,5234,141,2,1670,46,36,197,248,0,0,0,0,0,0,62,50,30,0,120,8,31,0,1547856000
750,0,10,32,1050,4569,115,153,85,44,179,91,5236,141,2,1672,46,36,198,249,0,0,0,0,0,0,62,50,30,0,120,8,31,0,1547942400
751,0,10,32,1050,4569,115,153,85,44,179,91,5236,142,1,1673,46,36,198,249,0,0,0,0,0,0,61,50,30,0,120,8,31,0,1548028800
752,0,10,32,1050,4569,115,154,85,44,179,91,5237,142,1,1672,46,36,198,252,0,0,0,0,0,0,61,51,30,0,122,8,31,0,1548115200
753,0,10,32,1050,4569,115,154,85,44,179,91,5237,142,1,1678,46,36,198,252,0,0,0,0,0,0,61,51,30,0,122,8,31,0,1548201600
754,0,10,32,1050,4569,115,154,85,44,179,91,5237,142,1,1680,46,36,198,252,0,0,0,0,0,0,61,51,30,0,124,8,31,0,1548288000
755,0,10,32,1050,4570,115,154,85,44,179,91,5238,142,1,1683,46,36,198,254,0,0,0,0,0,0,61,51,30,0,124,8,31,0,1548374400
756,0,10,32,1050,4570,115,154,85,44,179,91,5238,142,1,1684,46,36,198,255,0,0,0,0,0,0,61,51,30,0,124,8,31,0,1548460800
757,0,10,32,1050,4573,115,154,85,44,179,91,5241,143,2,1688,46,36,198,257,0,0,0,0,0,0,61,51,30,0,126,8,31,0,1548547200
758,0,10,32,1050,4581,115,154,85,44,179,91,5249,143,1,1686,46,36,198,257,0,0,0,0,0,0,61,52,30,0,127,8,31,0,1548633600
759,0,10,32,1050,4581,115,154,85,44,179,91,5249,143,1,1691,46,36,198,257,0,0,0,0,0,0,61,52,30,0,127,8,32,0,1548720000
760,0,10,32,1050,4584,115,155,85,44,179,91,5253,142,1,1693,46,36,198,257,0,0,0,0,0,0,61,53,30,0,127,8,32,0,1548806400
761,0,10,32,1050,4584,115,155,85,44,179,91,5253,142,1,1692,46,36,198,257,0,0,0,0,0,0,61,53,30,0,127,8,32,0,1548892800
762,0,10,32,1050,4585,115,155,86,44,179,91,5255,142,1,1693,46,36,198,257,0,0,0,0,0,0,61,53,30,0,127,8,32,0,1548979200
763,0,10,32,1050,4585,115,155,86,44,180,91,5256,142,1,1691,46,36,196,257,0,0,0,0,0,0,61,53,30,0,127,8,32,0,1549065600
764,0,10,32,1050,4585,115,155,86,44,180,91,5256,142,0,1690,46,36,196,258,0,0,0,0,0,0,61,53,30,0,127,8,32,0,1549152000
765,0,10,32,1050,4585,115,155,87,44,180,91,5257,142,0,1687,46,36,196,258,0,0,0,0,0,0,61,53,30,0,127,8,32,0,1549238400
766,0,10,32,1050,4585,115,155,87,44,180,91,5257,142,0,1689,46,36,196,259,0,0,0,0,0,0,61,53,30,0,127,8,32,0,1549324800
767,0,10,32,1050,4590,116,155,87,44,180,91,5263,142,0,1690,46,36,196,259,0,0,0,0,0,0,61,53,30,0,127,8,32,0,1549411200
768,0,10,33,1075,4592,117,155,87,44,180,91,5266,142,1,1691,46,36,196,259,0,0,0,0,0,0,61,53,30,0,127,8,32,0,1549497600
769,0,10,34,1100,4595,117,156,88,45,180,92,5273,142,1,1683,46,36,196,259,0,0,0,0,0,0,61,53,30,0,127,8,32,0,1549584000
770,0,10,34,1100,4596,117,156,88,45,180,92,5274,142,1,1690,46,36,196,259,0,0,0,0,0,0,61,53,30,0,127,8,32,0,1549670400
771,0,10,34,1100,4597,117,156,88,45,180,92,5275,141,1,1691,46,36,196,259,0,0,0,0,0,0,61,53,30,0,127,8,32,0,1549756800
772,0,10,34,1100,4601,117,156,88,45,180,92,5279,142,2,1693,46,36,196,259,0,0,0,0,0,0,61,53,30,0,127,8,32,0,1549843200
773,0,10,34,1100,4602,117,156,88,45,180,92,5280,142,2,1690,46,37,196,259,0,0,0,0,0,0,62,53,30,0,127,8,32,0,1549929600
774,0,10,34,1100,4602,117,156,88,45,180,92,5280,142,2,1684,46,37,196,259,0,0,0,0,0,0,62,53,30,0,127,8,32,0,1550016000
775,0,10,34,1100,4602,117,156,88,45,180,92,5280,143,2,1691,46,37,196,259,0,0,0,0,0,0,62,53,30,0,127,8,32,0,1550102400
776,0,10,34,1100,4602,117,156,88,45,180,92,5280,143,2,1693,46,38,196,259,0,0,0,0,0,0,62,53,30,0,127,8,32,0,1550188800
777,0,10,34,1100,4602,117,156,88,45,180,92,5280,143,2,1694,46,38,197,260,0,0,0,0,0,0,62,53,30,0,127,8,32,0,1550275200
778,0,10,34,1100,4602,117,156,88,45,180,92,5280,144,3,1694,46,38,198,261,0,0,0,0,0,0,62,53,30,0,127,8,32,0,1550361600
779,0,10,34,1100,4602,117,156,88,45,180,92,5280,144,2,1693,46,38,198,261,0,0,0,0,0,0,62,53,30,0,127,9,32,0,1550448000
780,0,10,34,1100,4604,117,156,88,45,180,92,5282,144,2,1697,46,38,198,261,0,0,0,0,0,0,62,53,30,0,127,9,32,0,1550534400
781,0,10,34,1100,4604,117,156,88,45,180,92,5282,144,2,1688,46,38,198,261,0,0,0,0,0,0,62,53,30,0,127,9,32,0,1550620800
782,0,10,34,1100,4605,117,156,88,45,180,92,5283,144,1,1693,46,38,198,261,0,0,0,0,0,0,62,53,31,0,127,9,32,0,1550707200
783,0,10,34,1100,4605,117,156,88,45,180,92,5283,144,1,1693,46,38,198,261,0,0,0,0,0,0,62,53,31,0,127,9,32,0,1550793600
784,0,10,34,1100,4607,117,156,88,46,180,92,5286,144,1,1692,46,38,198,261,0,0,0,0,0,0,62,53,31,0,127,9,32,0,1550880000
785,0,10,34,1100,4608,117,156,88,47,180,92,5288,144,0,1692,46,38,198,261,0,0,0,0,0,0,62,53,31,0,127,9,32,0,1550966400
786,0,10,34,1100,4609,117,156,88,47,180,92,5289,144,0,1680,46,38,199,261,0,0,0,0,0,0,62,53,31,0,127,9,32,0,1551052800
787,0,10,34,1100,4610,117,156,88,47,181,92,5291,144,0,1687,46,38,199,261,0,0,0,0,0,0,62,54,31,0,127,9,32,0,1551139200
788,0,10,34,1100,4615,117,156,88,48,181,92,5297,144,0,1690,46,38,199,261,0,0,0,0,0,0,62,54,31,0,127,9,32,0,1551225600
789,0,10,34,1100,4616,117,156,88,48,181,92,5298,145,1,1693,46,38,199,261,0,0,0,0,0,0,62,54,31,0,127,9,32,0,1551312000
790,0,10,34,1100,4616,117,156,88,48,181,92,5298,145,1,1701,46,38,200,262,0,0,0,0,0,0,62,54,31,0,127,9,32,0,1551398400
791,0,10,34,1100,4616,117,156,88,48,181,92,5298,145,1,1705,46,38,200,262,0,0,0,0,0,0,63,54,31,0,127,9,32,0,1551484800
792,0,10,34,1100,4619,117,156,88,48,181,92,5301,145,1,1713,46,38,200,262,0,0,0,0,0,0,64,54,31,0,127,9,32,0,1551571200
793,0,10,34,1100,4619,117,156,89,48,181,92,5302,145,1,1715,46,38,200,262,0,0,0,0,0,0,64,55,31,0,127,9,32,0,1551657600
794,0,10,34,1100,4619,117,156,89,48,181,92,5302,145,1,1714,46,38,200,262,0,0,0,0,0,0,64,55,31,0,127,9,32,0,1551744000
795,0,10,34,1100,4622,118,156,89,48,181,92,5306,145,1,1716,46,38,200,262,0,0,0,0,0,0,64,55,31,0,127,9,32,0,1551830400
796,0,10,34,1100,4623,118,157,89,48,181,92,5308,145,0,1716,46,38,200,262,0,0,0,0,0,0,64,55,31,0,127,9,32,0,1551916800
797,0,10,34,1100,4623,118,157,89,48,181,92,5308,145,0,1717,46,38,200,262,0,0,0,0,0,0,64,55,31,0,127,9,32,0,1552003200
798,0,10,34,1100,4623,118,157,89,48,181,92,5308,145,0,1729,46,38,200,262,0,0,0,0,0,0,64,55,31,0,127,9,32,0,1552089600
799,0,10,34,1100,4624,118,157,89,48,181,92,5309,145,0,1732,46,38,200,262,0,0,0,0,0,0,64,55,31,0,127,9,32,0,1552176000
800,0,10,34,1100,4625,118,157,89,48,181,92,5310,145,0,1733,46,39,200,262,0,0,0,0,0,0,64,55,31,0,127,9,32,0,1552262400
801,0,10,34,1100,4625,118,157,89,48,181,92,5310,145,0,1733,46,39,200,262,0,0,0,0,0,0,64,55,31,0,127,9,32,0,1552348800
802,0,10,34,1100,4625,118,157,89,48,181,92,5310,145,0,1734,46,39,200,262,0,0,0,0,0,0,64,55,31,0,127,9,32,0,1552435200
803,0,10,34,1100,4625,118,157,89,48,181,92,5310,145,0,1730,46,39,200,262,0,0,0,0,0,0,64,55,31,0,127,9,32,0,1552521600
804,0,10,34,1100,4625,118,157,89,48,181,92,5310,145,0,1732,46,39,200,262,0,0,0,0,0,0,64,56,31,0,127,9,32,0,1552608000
805,0,10,34,1100,4626,118,157,89,48,181,92,5311,145,0,1739,46,39,200,262,0,0,0,0,0,0,64,56,31,0,127,9,32,0,1552694400
806,0,10,34,1100,4626,118,157,89,48,181,92,5311,145,0,1740,46,39,199,262,0,0,0,0,0,0,64,56,31,0,127,9,32,0,1552780800
807,0,10,34,1100,4628,119,157,89,48,181,92,5314,145,0,1745,46,39,199,262,0,0,0,0,0,0,64,56,31,0,127,9,32,0,1552867200
808,0,10,34,1100,4628,119,157,89,48,181,92,5314,145,0,1744,46,39,199,262,0,0,0,0,0,0,64,56,31,0,127,9,32,0,1552953600
809,0,10,34,1100,4628,119,157,89,48,181,92,5314,145,0,1748,46,39,199,262,0,0,0,0,0,0,65,56,31,0,127,9,32,0,1553040000
810,0,10,34,1100,4628,119,157,89,48,181,92,5314,145,0,1757,46,39,199,262,0,0,0,0,0,0,65,56,31,0,127,9,32,0,1553126400
811,0,10,34,1100,4628,119,157,89,48,181,92,5314,145,0,1778,46,39,199,262,0,0,0,0,0,0,65,56,31,0,127,9,32,0,1553212800
812,0,10,34,1100,4628,119,157,91,48,181,92,5316,145,0,1782,46,39,199,262,0,0,0,0,0,0,65,56,31,0,127,9,32,0,1553299200
813,0,10,34,1100,4628,119,157,92,48,181,92,5317,145,0,1785,46,40,199,262,0,0,0,0,0,0,65,56,31,0,127,9,32,0,1553385600
814,0,10,34,1100,4628,119,157,92,48,181,92,5317,145,0,1786,46,40,199,262,0,0,0,0,0,0,65,56,31,0,127,9,32,0,1553472000
815,0,10,34,1100,4628,119,157,92,48,181,92,5317,146,1,1791,46,40,199,262,0,0,0,0,0,0,65,56,31,0,127,9,32,0,1553558400
816,0,10,34,1100,4630,119,157,92,48,181,92,5319,146,1,1789,46,40,199,262,0,0,0,0,0,0,65,56,31,0,127,9,32,0,1553644800
817,0,10,34,1100,4630,119,157,92,48,181,92,5319,146,1,1796,46,40,199,262,0,0,0,0,0,0,65,56,31,0,127,9,32,0,1553731200
818,0,10,34,1100,4630,119,158,92,48,181,92,5320,146,1,1796,46,40,199,262,0,0,0,0,0,0,65,56,31,0,127,9,32,0,1553817600
819,0,10,34,1100,4632,119,158,92,48,181,92,5322,146,1,1798,46,40,199,262,0,0,0,0,0,0,65,56,31,0,127,9,32,0,1553904000
820,0,10,34,1100,4636,119,159,92,48,181,92,5327,146,1,1802,46,40,199,262,0,0,0,0,0,0,65,56,31,0,127,9,32,0,1553990400
821,0,10,34,1100,4637,119,159,92,48,181,92,5328,146,1,1806,46,40,199,262,0,0,0,0,0,0,65,56,31,0,127,9,32,0,1554076800
822,0,10,34,1100,4640,119,159,92,48,181,92,5331,146,0,1809,46,40,199,262,0,0,0,0,0,0,65,55,31,0,127,9,32,0,1554163200
823,0,10,34,1100,4645,119,159,92,49,181,92,5337,146,0,1812,46,40,199,262,0,0,0,0,0,0,65,55,31,0,127,9,32,0,1554249600
824,0,10,34,1100,4650,119,159,93,49,181,92,5343,146,0,1811,46,40,199,262,0,0,0,0,0,0,65,55,31,0,127,9,32,0,1554336000
825,0,10,34,1100,4652,119,159,94,49,181,92,5346,146,0,1817,46,40,199,262,0,0,0,0,0,0,65,55,31,0,127,9,32,0,1554422400
826,0,10,34,1100,4652,119,159,94,49,181,92,5346,146,0,1814,46,40,199,262,0,0,0,0,0,0,65,55,31,0,127,10,32,0,1554508800
827,0,10,34,1100,4654,119,159,94,49,181,92,5348,147,1,1815,46,40,199,262,0,0,0,0,0,0,65,55,31,0,127,10,32,0,1554595200
828,0,10,34,1100,4654,119,159,95,49,181,92,5349,147,1,1812,46,40,199,262,0,0,0,0,0,0,65,55,31,0,127,10,32,0,1554681600
829,0,10,34,1100,4657,119,159,96,49,181,92,5353,147,1,1815,46,40,199,262,0,0,0,0,0,0,65,55,31,0,127,10,32,0,1554768000
830,0,10,34,1100,4657,119,159,96,49,181,92,5353,147,0,1823,46,40,198,262,0,0,0,0,0,0,65,55,31,0,127,10,32,0,1554854400
831,0,10,34,1100,4657,119,159,96,49,181,92,5353,147,0,1823,46,40,198,262,0,0,0,0,0,0,65,55,31,0,127,10,32,0,1554940800
832,0,10,34,1100,4657,119,159,96,49,181,92,5353,147,0,1829,46,40,198,262,0,0,0,0,0,0,65,55,31,0,127,10,32,0,1555027200
833,0,10,34,1100,4657,119,159,96,49,181,92,5353,146,0,1826,46,41,198,262,0,0,0,0,0,0,65,55,31,0,127,10,32,0,1555113600
834,0,10,34,1100,4657,119,159,96,49,181,92,5353,146,0,1827,46,41,198,262,0,0,0,0,0,0,65,55,31,0,127,10,32,0,1555200000
835,0,10,34,1100,4658,119,159,97,49,181,92,5355,146,0,1828,46,41,198,262,0,0,0,0,0,0,65,55,31,0,127,10,32,0,1555286400
836,0,10,34,1100,4659,119,159,97,49,181,92,5356,146,0,1826,46,41,198,262,0,0,0,0,0,0,65,55,31,0,127,10,32,0,1555372800
837,0,10,34,1100,4659,119,159,97,49,181,92,5356,146,0,1829,46,41,198,262,0,0,0,0,0,0,65,55,31,0,127,10,32,0,1555459200
838,0,10,34,1100,4659,119,159,97,49,181,92,5356,146,0,1832,46,41,198,262,0,0,0,0,0,0,66,55,31,0,127,10,32,0,1555545600
839,0,10,34,1100,4659,119,159,97,49,181,92,5356,146,0,1832,46,41,198,262,0,0,0,0,0,0,66,55,31,0,127,10,32,0,1555632000
840,0,10,34,1100,4659,119,159,97,49,181,92,5356,148,0,1829,46,41,198,262,0,0,0,0,0,0,66,55,31,0,127,10,32,0,1555718400
841,0,10,34,1100,4659,119,159,97,49,181,92,5356,148,0,1832,46,41,198,262,0,0,0,0,0,0,66,55,31,0,127,10,32,0,1555804800
842,0,10,34,1100,4659,119,159,97,49,181,92,5356,148,0,1834,46,41,198,262,0,0,0,0,0,0,66,55,31,0,127,10,32,0,1555891200
843,0,10,34,1100,4662,120,159,97,49,181,92,5360,148,0,1833,46,41,198,262,0,0,0,0,0,0,66,55,31,0,127,10,32,0,1555977600
844,0,10,34,1100,4662,120,159,97,49,181,92,5360,148,0,1832,46,40,198,262,0,0,0,0,0,0,66,55,31,0,127,10,32,0,1556064000
845,0,10,34,1100,4662,120,159,97,49,181,92,5360,148,0,1831,46,40,198,262,0,0,0,0,0,0,66,55,31,0,127,10,32,0,1556150400
846,0,10,34,1100,4662,120,159,97,49,181,92,5360,148,0,1833,46,40,198,262,0,0,0,0,0,0,66,55,31,0,127,10,32,0,1556236800
847,0,10,34,1100,4662,120,159,97,49,181,92,5360,148,0,1834,46,40,196,262,0,0,0,0,0,0,66,55,31,0,127,10,32,0,1556323200
848,0,10,34,1100,4664,120,159,97,49,181,92,5362,148,0,1834,46,40,196,262,0,0,0,0,0,0,66,55,31,0,127,10,32,0,1556409600
849,0,10,34,1100,4664,120,160,97,49,181,92,5363,148,0,1834,46,40,196,262,0,0,0,0,0,0,66,55,31,0,127,10,32,0,1556496000
850,0,10,34,1100,4664,120,160,97,49,181,92,5363,148,0,1831,46,39,204,263,0,0,0,0,0,0,66,55,31,0,127,10,32,0,1556582400
851,0,10,34,1100,4664,120,160,97,49,181,92,5363,147,0,1831,46,39,204,264,0,0,0,0,0,0,66,55,31,0,127,10,32,0,1556668800
852,0,10,34,1100,4664,120,160,97,49,181,92,5363,148,0,1833,46,39,207,264,0,0,0,0,0,0,66,55,31,0,127,10,32,0,1556755200
853,0,10,34,1100,4664,120,160,97,49,181,92,5363,148,1,1834,46,39,207,264,0,0,0,0,0,0,66,55,31,0,127,10,32,0,1556841600
854,0,10,34,1100,4666,120,160,97,49,181,92,5365,148,1,1829,46,39,208,265,0,0,0,0,0,0,66,55,31,0,127,10,32,0,1556928000
855,0,10,34,1100,4666,120,160,97,49,181,92,5365,148,1,1831,46,39,208,265,0,0,0,0,0,0,66,55,31,0,127,10,32,0,1557014400
856,0,10,34,1100,4666,120,160,97,49,181,92,5365,148,1,1831,46,39,208,265,0,0,0,0,0,0,66,55,31,0,127,10,32,0,1557100800
857,0,10,34,1100,4667,120,160,97,49,181,92,5366,149,2,1831,46,39,213,265,0,0,0,0,0,0,66,55,31,0,127,10,32,0,1557187200
858,0,10,34,1100,4667,120,160,97,49,181,92,5366,149,2,1833,46,40,214,265,0,0,0,0,0,0,66,55,31,0,127,10,32,0,1557273600
859,0,10,34,1100,4667,120,160,97,49,181,92,5366,150,2,1835,46,40,222,266,0,0,0,0,0,0,66,55,31,0,128,10,32,0,1557360000
860,0,10,34,1100,4667,120,160,97,49,181,92,5366,150,2,1835,46,40,222,266,0,0,0,0,0,0,66,55,31,0,128,10,32,0,1557446400
861,0,10,34,1100,4668,120,160,97,49,181,92,5367,150,2,1835,46,40,225,266,0,0,0,0,0,0,66,55,31,0,128,10,32,0,1557532800
862,0,10,34,1100,4669,120,160,97,49,181,92,5368,150,2,1835,46,40,227,266,0,0,0,0,0,0,66,55,31,0,128,10,32,0,1557619200
863,0,10,34,1100,4669,120,160,97,49,181,92,5368,150,2,1836,46,40,228,266,0,0,0,0,0,0,66,55,31,0,128,10,32,0,1557705600
864,0,10,34,1100,4671,120,160,97,49,181,92,5370,150,1,1827,46,40,228,266,0,0,0,0,0,0,66,55,31,2,128,9,32,0,1557792000
865,0,10,34,1100,4675,120,160,97,49,181,92,5374,150,0,1833,46,40,228,266,0,0,0,0,0,0,66,55,31,2,128,9,32,0,1557878400
866,0,10,34,1100,4675,120,160,97,49,181,92,5374,150,0,1833,46,40,230,268,0,0,0,0,0,0,67,55,31,2,128,9,32,0,1557964800
867,0,10,34,1100,4677,120,161,97,49,181,92,5377,150,0,1832,46,40,230,268,0,0,0,0,0,0,67,55,31,2,128,9,32,0,1558051200
868,0,10,34,1100,4677,120,161,97,49,181,92,5377,150,0,1838,46,40,232,269,0,0,0,0,0,0,67,55,31,3,128,9,32,0,1558137600
869,0,10,34,1100,4677,120,161,97,49,181,92,5377,150,0,1842,46,40,232,269,0,0,0,0,0,0,68,56,31,3,128,9,32,0,1558224000
870,0,10,34,1100,4678,120,161,97,49,181,92,5378,151,1,1844,46,40,232,269,0,0,0,0,0,0,68,56,31,3,128,9,32,0,1558310400
871,0,10,34,1100,4678,120,161,97,49,181,92,5378,151,1,1847,46,40,232,269,0,0,0,0,0,0,68,56,31,3,128,9,32,0,1558396800
872,0,10,34,1100,4679,120,162,97,49,181,92,5380,151,1,1847,46,40,232,269,0,0,0,0,0,0,68,56,31,3,128,9,32,0,1558483200
873,0,10,34,1100,4679,120,162,97,49,181,92,5380,151,1,1847,46,40,235,269,0,0,0,0,0,0,68,56,31,3,128,9,32,0,1558569600
874,0,10,34,1100,4680,120,162,97,49,181,92,5381,151,1,1847,46,40,235,269,0,0,0,0,0,0,68,56,31,3,128,9,32,0,1558656000
875,0,10,34,1100,4680,120,162,97,49,181,92,5381,151,1,1849,46,40,235,269,0,0,0,0,0,0,68,56,31,3,128,9,32,0,1558742400
876,0,10,34,1100,4680,120,162,97,49,181,92,5381,151,1,1850,46,40,235,269,0,0,0,0,0,0,68,56,31,3,128,9,32,0,1558828800
877,0,10,34,1100,4682,120,162,97,49,181,92,5383,152,1,1851,46,40,235,269,0,0,0,0,0,0,68,56,31,3,128,9,32,0,1558915200
878,0,10,34,1100,4684,120,162,97,49,181,92,5385,152,1,1849,46,40,235,269,0,0,0,0,0,0,68,56,31,3,128,9,32,0,1559001600
879,0,10,34,1100,4684,120,162,97,49,181,92,5385,152,1,1847,46,40,235,269,0,0,0,0,0,0,68,56,31,3,128,9,32,0,1559088000
880,0,10,34,1100,4687,120,162,97,49,181,92,5388,152,1,1847,46,40,235,269,0,0,0,0,0,0,68,56,31,3,128,9,32,0,1559174400
881,0,10,34,1100,4688,120,162,97,49,181,92,5389,152,1,1842,46,40,235,269,0,0,0,0,0,0,68,56,31,3,128,9,32,0,1559260800
882,0,10,34,1100,4688,120,162,97,49,181,92,5389,152,1,1840,46,40,235,269,0,0,0,0,0,0,68,56,31,3,128,9,32,0,1559347200
883,0,10,34,1100,4690,120,162,97,49,181,92,5391,152,1,1838,46,40,235,269,0,0,0,0,0,0,68,56,31,3,128,9,32,0,1559433600
884,0,10,34,1100,4691,120,162,97,49,181,92,5392,152,0,1840,46,40,235,269,0,0,0,0,0,0,68,56,31,3,128,9,32,0,1559520000
885,0,10,34,1100,4692,120,162,97,49,181,92,5393,152,0,1837,46,40,239,269,0,0,0,0,0,0,68,56,31,3,128,9,32,0,1559606400
886,0,10,34,1100,4694,120,162,97,49,181,92,5395,152,0,1833,46,40,239,269,0,0,0,0,0,0,68,56,31,3,128,9,32,0,1559692800
887,0,10,34,1100,4694,120,162,97,49,181,92,5395,153,1,1830,46,40,239,269,0,0,0,0,0,0,68,56,31,3,128,9,32,0,1559779200
888,0,10,34,1100,4695,120,162,97,49,181,92,5396,153,1,1825,46,40,239,269,0,0,0,0,0,0,69,56,31,3,128,9,32,0,1559865600
889,0,10,34,1100,4695,120,162,97,49,181,92,5396,153,1,1823,46,40,239,269,0,0,0,0,0,0,69,56,31,3,128,9,32,0,1559952000
890,0,10,34,1100,4695,120,162,97,49,181,92,5396,153,1,1826,46,40,239,269,0,0,0,0,0,0,69,56,31,0,131,10,32,0,1560038400
891,0,10,34,1100,4697,120,162,98,49,181,92,5399,153,1,1826,46,40,239,269,0,0,0,0,0,0,69,56,31,0,132,10,32,0,1560124800
892,0,10,34,1100,4701,120,162,98,49,181,92,5403,153,1,1825,46,40,239,269,0,0,0,0,0,0,69,56,31,0,132,10,32,0,1560211200
893,0,10,34,1100,4702,120,162,98,49,181,92,5404,153,0,1823,46,40,239,269,0,0,0,0,0,0,70,57,31,0,133,10,32,0,1560297600
894,0,10,34,1100,4703,120,162,98,49,181,92,5405,153,0,1817,46,40,239,270,0,0,0,0,0,0,70,57,31,0,133,10,32,0,1560384000
895,0,10,34,1100,4706,120,162,98,50,181,92,5409,153,0,1816,46,40,239,270,0,0,0,0,0,0,70,57,31,0,133,10,32,0,1560470400
896,0,10,34,1100,4707,120,162,98,50,181,92,5410,154,1,1817,46,40,239,270,0,0,0,0,0,0,71,57,31,0,133,10,32,0,1560556800
897,0,10,34,1100,4708,120,162,98,50,181,92,5411,154,1,1820,46,40,239,270,0,0,0,0,0,0,71,57,31,0,133,10,32,0,1560643200
898,0,10,34,1100,4711,120,162,98,51,181,92,5415,154,1,1821,46,40,239,270,0,0,0,0,0,0,71,57,31,0,133,10,32,0,1560729600
899,0,10,34,1100,4713,120,162,98,51,181,92,5417,155,2,1822,46,40,239,270,0,0,0,0,0,0,71,57,31,0,133,10,32,0,1560816000
900,0,10,34,1100,4713,120,162,98,51,181,92,5417,155,2,1824,46,40,239,270,0,0,0,0,0,0,71,57,31,0,135,9,32,0,1560902400
901,0,10,34,1100,4713,120,162,98,51,181,92,5417,155,2,1823,46,40,241,273,0,0,0,0,0,0,71,57,31,0,135,9,32,0,1560988800
902,0,10,34,1100,4714,120,162,98,51,181,92,5418,155,2,1821,46,40,241,273,0,0,0,0,0,0,71,57,31,0,135,9,32,0,1561075200
903,0,10,34,1100,4715,120,163,98,51,181,92,5420,155,1,1820,46,40,241,273,0,0,0,0,0,0,71,57,31,0,135,8,33,0,1561161600
904,0,10,34,1100,4716,120,163,98,51,181,92,5421,155,1,1822,46,40,241,273,0,0,0,0,0,0,71,57,31,0,135,6,34,0,1561248000
905,0,10,35,1125,4718,120,163,98,53,181,92,5425,155,1,1822,46,40,241,274,0,0,0,0,0,0,71,57,31,0,135,6,34,0,1561334400
906,0,10,35,1125,4720,120,163,98,53,181,92,5427,155,0,1822,47,40,241,274,0,0,0,0,0,0,71,57,31,0,135,6,34,0,1561420800
907,0,10,36,1150,4723,120,163,98,53,181,92,5430,155,0,1822,47,40,241,274,0,0,0,0,0,0,71,57,31,0,135,6,34,0,1561507200
908,0,10,36,1150,4725,120,163,98,54,181,92,5433,155,0,1822,47,40,242,274,0,0,0,0,0,0,71,57,31,0,135,6,34,0,1561593600
909,0,10,36,1150,4727,120,163,98,54,181,92,5435,154,0,1821,47,40,242,275,0,0,0,0,0,0,71,57,31,0,135,6,34,0,1561680000
910,0,10,36,1150,4729,120,163,98,54,181,92,5437,154,0,1818,47,40,242,276,0,0,0,0,0,0,71,57,31,0,135,6,34,0,1561766400
911,0,10,36,1150,4729,120,163,98,54,181,92,5437,154,0,1819,47,40,242,276,0,0,0,0,0,0,71,57,31,0,135,6,34,0,1561852800
912,0,10,36,1150,4729,120,163,98,54,181,92,5437,153,1,1822,47,40,243,277,0,0,0,0,0,0,71,57,31,0,135,6,34,0,1561939200
913,0,10,36,1150,4730,120,163,98,54,181,92,5438,153,1,1823,47,40,245,277,0,0,0,0,0,0,71,57,31,0,135,6,34,0,1562025600
914,0,10,36,1150,4731,120,164,99,55,181,92,5442,153,1,1826,47,40,245,277,0,0,0,0,0,0,71,57,31,0,135,7,34,0,1562112000
915,0,10,36,1150,4731,122,164,99,55,181,92,5444,153,1,1825,47,40,245,277,0,0,0,0,0,0,71,58,31,0,135,7,34,0,1562198400
916,0,10,36,1150,4731,122,164,99,55,181,92,5444,153,1,1824,47,40,245,277,0,0,0,0,0,0,70,58,31,0,135,7,34,0,1562284800
917,0,10,36,1150,4731,122,164,99,55,181,92,5444,153,1,1821,47,40,245,277,0,0,0,0,0,0,70,58,31,0,137,6,34,0,1562371200
918,0,10,36,1150,4732,122,164,99,55,181,92,5445,153,0,1821,47,40,245,278,0,0,0,0,0,0,70,58,31,0,137,6,34,0,1562457600
919,0,10,36,1150,4733,122,164,99,55,181,92,5446,153,0,1823,47,40,245,279,0,0,0,0,0,0,70,58,31,0,137,6,35,0,1562544000
920,0,10,36,1150,4734,122,164,99,55,181,92,5447,153,0,1824,47,40,246,279,0,0,0,0,0,0,70,58,31,0,137,6,35,0,1562630400
921,0,10,36,1150,4738,122,164,100,55,181,92,5452,153,0,1821,47,40,246,280,0,0,0,0,0,0,70,58,31,0,137,6,35,0,1562716800
922,0,10,36,1150,4738,122,164,100,56,181,92,5453,153,0,1821,47,40,247,281,0,0,0,0,0,0,70,58,31,0,137,6,35,0,1562803200
923,0,10,36,1150,4738,122,164,101,56,181,92,5454,153,0,1821,47,40,247,281,0,0,0,0,0,0,70,58,31,0,137,6,35,0,1562889600
924,0,10,36,1150,4738,122,164,101,56,181,92,5454,153,0,1823,47,40,247,281,0,0,0,0,0,0,70,58,31,0,137,6,35,0,1562976000
925,0,10,36,1150,4739,122,165,101,56,181,92,5456,153,0,1823,47,40,247,281,0,0,0,0,0,0,70,58,31,0,137,6,35,0,1563062400
926,0,10,36,1150,4740,122,165,101,56,181,92,5457,153,0,1825,47,40,247,281,0,0,0,0,0,0,70,58,31,0,137,6,35,0,1563148800
927,0,10,36,1150,4743,122,165,101,56,181,92,5460,153,0,1826,47,41,247,281,0,0,0,0,0,0,70,58,31,0,137,6,35,0,1563235200
928,0,10,36,1150,4743,122,165,101,56,181,92,5460,153,0,1824,47,41,250,285,0,0,0,0,0,0,70,58,31,0,137,6,35,0,1563321600
929,0,10,36,1150,4743,122,165,101,56,181,92,5460,153,0,1823,47,41,250,286,0,0,0,0,0,0,70,58,31,0,137,6,35,0,1563408000
930,0,10,36,1150,4745,122,165,101,56,181,92,5462,153,0,1820,47,41,250,287,0,0,0,0,0,0,70,58,31,0,137,6,35,0,1563494400
931,0,10,36,1150,4746,122,165,101,56,181,92,5463,153,0,1822,47,41,250,287,0,0,0,0,0,0,70,58,31,0,137,6,35,0,1563580800
932,0,10,36,1150,4747,122,165,103,56,181,92,5466,153,0,1825,47,41,251,288,0,0,0,0,0,0,70,58,31,0,137,6,35,0,1563667200
933,0,10,36,1150,4749,122,165,103,56,181,92,5468,153,0,1821,47,41,251,289,0,0,0,0,0,0,70,58,31,0,137,6,35,0,1563753600
934,0,10,36,1150,4749,122,165,103,56,181,92,5468,153,0,1824,47,41,251,289,0,0,0,0,0,0,70,58,31,0,137,6,35,0,1563840000
935,0,10,36,1150,4749,122,165,103,56,181,92,5468,154,1,1825,47,41,251,289,0,0,0,0,0,0,70,58,31,0,137,6,35,0,1563926400
936,0,10,36,1150,4752,122,165,105,56,181,92,5473,154,1,1827,47,41,251,289,0,0,0,0,0,0,70,58,31,0,137,6,35,0,1564012800
937,0,10,36,1150,4753,122,165,105,56,181,92,5474,154,1,1828,47,40,251,289,0,0,0,0,0,0,70,58,31,0,137,6,35,0,1564099200
938,0,10,36,1150,4755,122,165,105,56,181,92,5476,154,1,1831,47,40,251,289,0,0,0,0,0,0,70,58,31,0,137,6,35,0,1564185600
939,0,10,36,1150,4760,122,167,113,56,181,92,5491,154,1,1832,47,40,254,291,0,0,0,0,0,0,70,58,31,0,137,6,35,0,1564272000
940,0,10,36,1150,4763,122,168,114,56,181,92,5496,155,2,1837,47,40,255,292,0,0,0,0,0,0,70,58,31,0,137,6,35,0,1564358400
941,0,10,36,1150,4767,122,169,116,57,181,92,5504,155,2,1841,47,40,255,292,0,0,0,0,0,0,70,58,31,0,137,6,35,0,1564444800
942,0,10,36,1150,4771,123,169,119,57,181,92,5512,155,1,1843,47,40,255,292,0,0,0,0,0,0,70,58,31,0,137,6,35,0,1564531200
943,0,10,36,1150,4772,123,169,119,57,181,92,5513,156,1,1847,47,40,255,292,0,0,0,0,0,0,70,58,31,0,137,6,35,0,1564617600
944,0,10,36,1150,4773,123,169,119,57,181,92,5514,157,3,1849,47,40,255,292,0,0,0,0,0,0,70,58,31,0,137,6,35,0,1564704000
945,0,10,36,1150,4773,123,169,119,57,181,92,5514,157,3,1849,47,40,255,292,0,0,0,0,0,0,70,58,31,0,137,6,35,0,1564790400
946,0,10,36,1150,4775,123,169,119,57,181,92,5516,157,3,1852,47,40,255,292,0,0,0,0,0,0,70,58,31,0,137,6,35,0,1564876800
947,0,10,36,1150,4783,123,170,119,57,181,92,5525,157,2,1848,47,40,255,294,0,0,0,0,0,0,70,58,31,0,137,6,35,0,1564963200
948,0,10,36,1150,4788,123,170,120,57,181,92,5531,157,2,1848,47,40,255,294,0,0,0,0,0,0,70,58,31,0,137,6,35,0,1565049600
949,0,10,36,1150,4789,123,170,120,57,181,92,5532,157,2,1845,47,40,255,294,0,0,0,0,0,0,70,58,31,0,137,6,35,0,1565136000
950,0,10,36,1150,4792,123,170,121,57,181,92,5536,157,1,1847,47,40,255,295,0,0,0,0,0,0,70,58,31,0,137,6,35,0,1565222400
951,0,10,36,1150,4796,123,170,121,57,181,92,5540,157,1,1847,47,40,255,295,0,0,0,0,0,0,70,58,31,0,137,6,35,0,1565308800
952,0,10,36,1150,4797,123,170,121,57,181,92,5541,158,2,1844,47,41,256,296,0,0,0,0,0,0,70,58,31,0,137,6,35,0,1565395200
953,0,10,36,1150,4801,123,170,121,57,181,92,5545,158,2,1845,47,41,256,296,0,0,0,0,0,0,70,58,31,0,137,6,35,0,1565481600
954,0,10,36,1150,4804,123,170,121,57,181,92,5548,158,2,1848,47,41,259,296,0,0,0,0,0,0,70,58,32,0,137,6,35,0,1565568000
955,0,10,36,1150,4806,123,170,121,57,181,92,5550,158,2,1847,47,42,259,296,0,0,0,0,0,0,70,58,32,0,137,6,35,0,1565654400
956,0,10,36,1150,4810,123,171,121,57,181,92,5555,158,2,1848,47,42,259,296,0,0,0,0,0,0,70,58,32,0,137,6,35,0,1565740800
957,0,10,36,1150,4811,123,171,121,57,181,92,5556,158,1,1846,47,42,259,296,0,0,0,0,0,0,70,58,32,0,137,6,35,0,1565827200
958,0,10,36,1150,4812,123,171,121,57,181,92,5557,157,1,1846,47,42,259,296,0,0,0,0,0,0,70,58,32,0,137,6,35,0,1565913600
959,0,10,36,1150,4814,123,171,121,57,181,92,5559,157,0,1845,47,42,259,296,0,0,0,0,0,0,70,58,32,0,137,6,35,0,1566000000
960,0,10,36,1150,4815,123,171,121,57,181,92,5560,157,0,1845,47,42,259,296,0,0,0,0,0,0,70,58,32,0,137,6,35,0,1566086400
961,0,10,36,1150,4816,123,171,121,57,181,92,5561,157,0,1844,47,42,259,297,0,0,0,0,0,0,70,58,32,0,137,6,35,0,1566172800
962,0,10,36,1150,4822,123,171,121,57,181,92,5567,157,0,1843,47,42,259,297,0,0,0,0,0,0,70,58,32,0,137,6,35,0,1566259200
963,0,10,36,1150,4824,123,171,121,57,181,92,5569,157,0,1843,47,42,259,297,0,0,0,0,0,0,70,58,32,0,137,6,35,0,1566345600
964,0,10,36,1150,4825,123,171,121,57,181,92,5570,158,1,1843,47,41,260,301,0,0,0,0,0,0,70,58,32,0,137,6,35,0,1566432000
965,0,10,36,1150,4827,123,171,121,57,181,92,5572,158,1,1843,47,41,261,302,0,0,0,0,0,0,70,58,32,0,137,6,35,0,1566518400
966,0,10,36,1150,4827,123,171,121,57,181,92,5572,158,1,1844,47,41,264,303,0,0,0,0,0,0,70,58,32,0,137,6,35,0,1566604800
967,0,10,36,1150,4827,123,171,121,57,181,92,5572,159,2,1845,47,41,264,303,0,0,0,0,0,0,70,58,32,0,137,6,35,0,1566691200
968,0,10,36,1150,4827,123,171,121,57,181,92,5572,159,2,1846,47,40,264,303,0,0,0,0,0,0,70,57,32,0,137,6,35,0,1566777600
969,0,10,36,1150,4827,123,171,121,57,181,92,5572,159,2,1847,47,40,266,305,0,0,0,0,0,0,70,57,32,0,137,6,35,0,1566864000
970,0,10,36,1150,4827,123,171,121,57,181,92,5572,159,2,1847,47,40,267,307,0,0,0,0,0,0,70,58,32,0,137,6,35,0,1566950400
971,0,10,36,1150,4827,123,171,121,57,181,92,5572,159,1,1847,47,40,267,307,0,0,0,0,0,0,70,58,32,0,137,6,35,0,1567036800
972,0,10,36,1150,4827,123,171,121,57,181,92,5572,159,1,1846,47,38,271,311,0,0,0,0,0,0,70,57,32,0,137,6,35,0,1567123200
973,0,10,36,1150,4828,123,172,121,57,181,92,5574,160,2,1846,47,38,271,311,0,0,0,0,0,0,71,57,32,0,137,6,35,0,1567209600
974,0,10,36,1150,4828,123,172,121,57,181,92,5574,160,1,1846,47,38,271,311,0,0,0,0,0,0,71,57,32,0,137,6,35,0,1567296000
975,0,10,36,1150,4834,123,172,122,57,181,92,5581,160,1,1845,47,38,271,311,0,0,0,0,0,0,71,57,32,0,137,6,35,0,1567382400
976,0,10,36,1150,4835,123,172,123,57,181,92,5583,160,1,1842,47,38,271,311,0,0,0,0,0,0,71,57,32,0,137,6,35,0,1567468800
977,0,10,36,1150,4835,123,172,123,57,181,92,5583,160,1,1841,47,38,271,311,0,0,0,0,0,0,71,57,32,0,137,6,35,0,1567555200
978,0,10,36,1150,4835,123,172,123,57,181,92,5583,160,1,1844,47,39,271,311,0,0,0,0,0,0,71,57,32,0,137,6,35,0,1567641600
979,0,10,36,1150,4839,123,172,123,57,181,92,5587,160,1,1843,47,38,271,311,0,0,0,0,0,0,71,57,32,0,137,6,35,0,1567728000
980,0,10,36,1150,4839,123,173,123,57,181,92,5588,160,1,1844,47,38,271,311,0,0,0,0,0,0,71,57,32,0,137,6,35,0,1567814400
981,0,10,36,1150,4839,123,173,123,57,181,92,5588,160,1,1842,47,38,271,311,0,0,0,0,0,0,71,57,32,0,137,6,35,0,1567900800
982,0,10,36,1150,4839,123,173,123,57,181,92,5588,160,1,1843,47,38,271,311,0,0,0,0,0,0,71,57,32,0,137,6,35,0,1567987200
983,0,10,36,1150,4839,123,173,123,57,181,92,5588,160,1,1843,47,38,271,312,0,0,0,0,0,0,71,57,32,0,137,6,35,0,1568073600
984,0,10,36,1150,4840,123,173,123,57,181,92,5589,160,1,1843,47,38,271,312,0,0,0,0,0,0,71,57,32,0,137,6,35,0,1568160000
985,0,10,36,1150,4841,123,173,123,57,181,92,5590,160,1,1842,47,38,271,312,0,0,0,0,0,0,71,57,32,0,137,6,35,0,1568246400
986,0,10,36,1150,4841,123,173,123,57,181,92,5590,160,1,1842,47,38,271,312,0,0,0,0,0,0,71,57,31,0,137,6,35,0,1568332800
987,0,10,36,1150,4841,123,173,123,57,181,92,5590,160,1,1841,47,38,271,313,0,0,0,0,0,0,71,57,31,0,137,6,35,0,1568419200
988,0,10,36,1150,4841,123,173,123,57,181,92,5590,160,1,1841,47,38,272,314,0,0,0,0,0,0,71,57,31,0,137,6,35,0,1568505600
989,0,10,36,1150,4841,123,173,123,57,181,92,5590,160,1,1841,47,38,272,314,0,0,0,0,0,0,71,58,30,0,138,6,35,0,1568592000
990,0,10,36,1150,4841,123,173,123,57,181,92,5590,160,1,1837,47,38,276,315,0,0,0,0,0,0,71,58,30,0,138,6,35,0,1568678400
991,0,10,36,1150,4841,123,173,123,57,181,92,5590,160,1,1837,47,37,277,316,0,0,0,0,0,0,71,58,30,0,138,6,35,0,1568764800
992,0,10,36,1150,4842,123,173,123,57,181,92,5591,160,1,1836,47,37,277,316,0,0,0,0,0,0,71,58,30,0,138,6,35,0,1568851200
993,0,10,36,1150,4842,123,173,123,57,181,92,5591,160,1,1837,47,37,285,316,0,0,0,0,0,0,71,58,30,0,138,6,35,0,1568937600
994,0,10,36,1150,4843,123,173,123,57,181,92,5592,160,1,1840,48,37,286,318,0,0,0,0,0,0,71,58,30,0,138,6,35,0,1569024000
995,0,10,36,1150,4843,123,173,123,57,181,92,5592,160,1,1842,48,37,287,319,0,0,0,0,0,0,71,58,30,0,138,6,35,0,1569110400
996,0,10,36,1150,4843,123,173,123,57,181,92,5592,160,1,1843,48,37,287,319,0,0,0,0,0,0,71,58,30,0,138,6,35,0,1569196800
997,0,10,36,1150,4843,123,173,123,57,181,92,5592,160,1,1847,48,37,288,320,0,0,0,0,0,0,71,58,30,0,138,6,35,0,1569283200
998,0,10,36,1150,4844,123,173,123,57,181,92,5593,160,1,1850,48,37,288,320,0,0,0,0,0,0,71,58,30,0,138,6,35,0,1569369600
999,0,10,36,1150,4844,123,173,123,57,181,92,5593,160,1,1848,48,37,288,320,0,0,0,0,0,0,71,58,30,0,138,6,35,17,1569456000
1000,0,10,36,1150,4845,123,173,123,57,181,92,5594,160,1,1847,48,37,288,320,0,0,0,0,0,0,71,58,30,0,138,6,35,17,1569542400
1001,0,10,36,1150,4845,123,173,123,57,181,92,5594,160,1,1847,48,37,288,320,0,0,0,0,0,0,71,58,30,0,138,6,35,17,1569628800
1002,0,10,36,1150,4845,123,173,123,57,181,92,5594,160,1,1849,48,37,288,320,0,0,0,0,0,0,71,58,30,0,138,6,35,17,1569715200
1003,0,10,36,1150,4846,123,173,123,57,181,92,5595,160,1,1853,48,38,288,320,0,0,0,0,0,0,71,58,30,0,138,6,35,17,1569801600
1004,0,10,36,1150,4847,123,173,123,57,181,92,5596,160,1,1853,48,38,288,320,0,0,0,0,0,0,71,58,30,0,138,6,35,17,1569888000
1005,0,10,36,1150,4847,123,173,123,57,181,92,5596,160,1,1853,48,38,288,320,0,0,0,0,0,0,71,58,30,0,138,6,35,17,1569974400
1006,0,10,36,1150,4847,123,173,123,57,181,92,5596,160,1,1850,48,38,291,323,0,0,0,0,0,0,71,58,30,0,138,6,35,17,1570060800
1007,0,10,36,1150,4848,123,173,123,57,181,92,5597,160,1,1847,48,38,291,323,0,0,0,0,0,0,71,58,30,0,138,6,35,17,1570147200
1008,0,10,36,1150,4848,123,173,123,57,181,92,5597,160,1,1847,48,38,291,323,0,0,0,0,0,0,71,58,30,0,138,6,35,17,1570233600
1009,0,10,36,1150,4848,123,173,123,57,181,92,5597,160,1,1847,48,38,291,323,0,0,0,0,0,0,71,58,30,0,138,6,35,17,1570320000
1010,0,10,36,1150,4848,123,173,123,57,181,92,5597,160,1,1847,48,38,291,323,0,0,0,0,0,0,71,58,30,0,138,6,35,17,1570406400
1011,0,10,36,1150,4849,123,173,123,57,181,92,5598,160,1,1847,48,38,292,324,0,0,0,0,0,0,71,58,30,0,138,6,35,17,1570492800
1012,0,10,36,1150,4849,123,173,123,57,181,92,5598,160,1,1848,48,38,292,324,0,0,0,0,0,0,71,58,30,0,138,6,35,17,1570579200
1013,0,10,36,1150,4850,123,173,123,57,181,92,5599,160,1,1850,48,38,292,324,0,0,0,0,0,0,71,58,30,0,138,6,35,17,1570665600
1014,0,10,36,1150,4850,123,173,123,57,181,92,5599,160,1,1848,48,38,292,324,0,0,0,0,0,0,71,58,30,0,138,6,35,17,1570752000
1015,0,10,36,1150,4850,123,173,123,57,181,92,5599,160,1,1850,48,38,292,324,0,0,0,0,0,0,71,58,30,0,138,6,35,17,1570838400
1016,0,10,36,1150,4850,123,173,123,57,181,92,5599,160,1,1852,48,38,292,324,0,0,0,0,0,0,71,58,30,0,138,6,35,17,1570924800
1017,0,10,36,1150,4850,123,173,123,57,181,92,5599,160,1,1850,48,38,292,324,0,0,0,0,0,0,71,58,30,0,138,6,35,17,1571011200
1018,0,10,36,1150,4850,123,173,123,57,181,92,5599,160,1,1850,48,38,292,325,0,0,0,0,0,0,71,58,30,0,138,6,35,17,1571097600
1019,0,10,36,1150,4851,123,173,123,57,181,92,5600,160,1,1849,48,38,295,327,0,0,0,0,0,0,71,58,30,0,138,6,35,17,1571184000
1020,0,10,36,1150,4851,123,173,123,57,181,92,5600,160,1,1851,48,38,295,327,0,0,0,0,0,0,71,59,30,0,138,6,35,17,1571270400
1021,0,10,36,1150,4851,123,173,123,57,181,92,5600,160,1,1853,48,38,295,327,0,0,0,0,0,0,71,59,30,0,138,6,35,17,1571356800
1022,0,10,36,1150,4851,123,173,123,57,181,92,5600,160,1,1853,48,38,296,330,0,0,0,0,0,0,71,58,30,0,138,6,35,17,1571443200
1023,0,10,36,1150,4851,123,173,123,57,181,92,5600,160,1,1853,48,38,296,330,0,0,0,0,0,0,71,58,30,0,138,6,35,17,1571529600
1024,0,10,36,1150,4851,123,173,123,57,181,92,5600,160,1,1852,48,38,296,332,0,0,0,0,0,0,71,58,30,0,138,6,35,17,1571616000
1025,0,10,36,1150,4852,123,173,123,57,181,92,5601,160,1,1852,48,38,296,332,0,0,0,0,0,0,71,58,30,0,138,6,35,17,1571702400
1026,0,10,36,1150,4852,123,173,123,57,181,92,5601,160,1,1853,48,38,296,332,0,0,0,0,0,0,71,58,30,0,138,6,35,17,1571788800
1027,0,10,36,1150,4853,123,173,123,57,181,92,5602,160,1,1851,48,37,297,333,0,0,0,0,0,0,71,58,30,0,138,6,35,17,1571875200
1028,0,10,36,1150,4853,123,173,123,57,181,92,5602,160,1,1851,48,37,297,333,0,0,0,0,0,0,71,58,30,0,138,6,35,17,1571961600
1029,0,10,36,1150,4854,123,173,123,57,181,92,5603,160,1,1852,48,37,297,333,0,0,0,0,0,0,71,58,30,0,138,7,35,17,1572048000
1030,0,10,36,1150,4854,123,173,123,57,181,92,5603,160,1,1851,48,37,297,333,0,0,0,0,0,0,71,58,30,0,138,7,35,17,1572134400
1031,0,10,36,1150,4854,123,173,123,57,181,92,5603,160,1,1850,48,37,299,335,0,0,0,0,0,0,71,58,30,0,138,7,35,17,1572220800
1032,0,10,36,1150,4854,123,173,123,57,181,92,5603,160,1,1850,48,37,299,335,0,0,0,0,0,0,71,58,30,0,138,7,35,17,1572307200
1033,0,10,36,1150,4855,123,173,123,57,181,92,5604,160,1,1849,48,37,299,335,0,0,0,0,0,0,71,58,30,0,138,7,35,17,1572393600
1034,0,10,36,1150,4855,123,173,123,57,181,92,5604,160,1,1850,48,37,299,335,0,0,0,0,0,0,71,58,30,0,138,7,35,17,1572480000
1035,0,10,36,1150,4856,123,173,123,57,181,92,5605,160,1,1852,48,37,299,335,0,0,0,0,0,0,72,58,30,0,138,7,35,17,1572566400
1036,0,10,36,1150,4856,123,173,123,57,181,92,5605,160,1,1853,48,37,301,338,0,0,0,0,0,0,72,58,30,0,138,7,35,17,1572652800
1037,0,10,36,1150,4858,123,173,123,57,181,92,5607,160,1,1854,47,37,301,338,0,0,0,0,0,0,72,58,30,0,138,7,35,17,1572739200
1038,0,10,36,1150,4858,123,173,124,57,181,92,5608,160,1,1854,47,37,302,339,0,0,0,0,0,0,72,58,30,0,138,7,35,17,1572825600
1039,0,10,36,1150,4859,123,173,124,57,181,92,5609,160,1,1854,47,37,302,339,0,0,0,0,0,0,72,58,30,0,138,7,35,17,1572912000
1040,0,10,36,1150,4859,123,173,124,57,181,92,5609,160,1,1855,47,37,304,339,0,0,0,0,0,0,72,58,30,0,138,7,35,17,1572998400
1041,0,10,36,1150,4859,123,173,124,57,181,92,5609,160,1,1857,47,37,304,340,0,0,0,0,0,0,72,58,30,0,138,7,35,17,1573084800
1042,0,10,36,1150,4859,123,173,124,57,181,92,5609,160,1,1858,47,37,304,340,0,0,0,0,0,0,72,58,30,0,138,7,35,17,1573171200
1043,0,10,36,1150,4861,123,173,124,57,181,92,5611,160,1,1858,47,37,304,340,0,0,0,0,0,0,72,58,30,0,138,7,35,17,1573257600
1044,0,10,36,1150,4861,123,173,124,57,181,92,5611,160,1,1856,47,37,305,341,0,0,0,0,0,0,72,58,30,0,138,7,35,17,1573344000
1045,0,10,36,1150,4863,123,173,124,57,181,92,5613,160,1,1857,47,37,305,341,0,0,0,0,0,0,72,58,30,0,138,7,35,17,1573430400
1046,0,10,36,1150,4864,123,173,124,57,181,92,5614,160,1,1855,47,37,305,341,0,0,0,0,0,0,72,58,30,0,138,7,35,17,1573516800
1047,0,10,36,1150,4866,123,173,124,57,181,92,5616,160,1,1855,47,37,305,341,0,0,0,0,0,0,72,58,30,0,138,7,35,17,1573603200
1048,0,10,37,1175,4872,123,173,125,57,182,92,5624,160,1,1856,47,37,308,342,0,0,0,0,0,0,72,58,30,0,138,7,35,17,1573689600
1049,0,10,37,1175,4874,123,173,125,57,182,92,5626,160,1,1857,47,37,312,346,0,0,0,0,0,0,72,58,30,0,138,7,35,17,1573776000
1050,0,10,37,1175,4874,123,173,125,57,182,92,5626,160,1,1859,47,37,312,346,0,0,0,0,0,0,72,58,30,0,138,7,35,17,1573862400
1051,0,10,37,1175,4874,123,173,125,57,182,92,5626,160,1,1859,47,38,312,346,0,0,0,0,0,0,72,58,30,0,138,7,35,17,1573948800
1052,0,10,37,1175,4874,123,173,125,57,182,92,5626,160,1,1862,47,38,312,346,0,0,0,0,0,0,72,58,30,0,138,7,35,17,1574035200
1053,0,10,37,1175,4874,123,173,125,57,182,92,5626,160,1,1860,47,38,314,349,0,0,0,0,0,0,72,58,30,0,138,7,35,17,1574121600
1054,0,10,37,1175,4874,123,173,125,57,182,92,5626,160,1,1861,47,38,314,349,0,0,0,0,0,0,72,58,30,0,138,7,35,17,1574208000
1055,0,10,37,1175,4874,123,174,125,57,182,92,5627,160,1,1869,47,38,315,351,0,0,0,0,0,0,72,58,30,0,138,7,35,17,1574294400
1056,0,10,37,1175,4874,123,174,125,57,182,92,5627,160,1,1869,47,38,315,351,0,0,0,0,0,0,72,58,30,0,138,7,35,17,1574380800
1057,0,10,37,1175,4874,123,174,125,57,182,92,5627,160,1,1870,47,38,315,351,0,0,0,0,0,0,72,58,30,0,138,7,35,17,1574467200
1058,0,10,37,1175,4874,123,174,125,57,182,92,5627,160,1,1868,47,38,315,351,0,0,0,0,0,0,72,58,30,0,138,7,35,17,1574553600
1059,0,10,37,1175,4876,123,174,125,57,182,92,5629,160,1,1873,47,38,315,351,0,0,0,0,0,0,72,58,30,0,138,7,35,17,1574640000
1060,0,10,37,1175,4876,123,174,125,57,182,92,5629,160,1,1872,47,38,317,355,0,0,0,0,0,0,72,58,30,0,139,7,35,17,1574726400
1061,0,10,37,1175,4876,123,174,125,57,182,92,5629,160,1,1873,47,38,317,355,0,0,0,0,0,0,72,58,30,0,139,7,35,17,1574812800
1062,0,10,37,1175,4877,123,174,125,57,182,92,5630,160,1,1870,47,38,317,355,0,0,0,0,0,0,72,58,30,0,139,7,35,17,1574899200
1063,0,10,37,1175,4877,123,174,125,57,182,92,5630,160,1,1873,47,38,317,356,0,0,0,0,0,0,72,58,30,0,140,7,35,18,1574985600
1064,0,10,37,1175,4882,123,174,125,57,182,92,5635,160,1,1872,47,38,319,358,0,0,0,0,0,0,72,58,30,0,140,7,35,18,1575072000
1065,0,10,37,1175,4885,123,174,125,57,182,92,5638,160,1,1872,47,38,319,358,0,0,0,0,0,0,72,58,30,0,140,7,35,18,1575158400
1066,0,10,37,1175,4886,123,174,125,57,182,92,5639,160,1,1871,47,38,319,358,0,0,0,0,0,0,72,58,31,0,140,7,35,18,1575244800
1067,0,10,37,1175,4888,123,174,126,57,182,92,5642,160,1,1870,47,38,319,358,0,0,0,0,0,0,72,58,31,0,140,7,35,18,1575331200
1068,0,10,37,1175,4889,123,174,126,57,182,92,5643,160,1,1870,47,38,319,358,0,0,0,0,0,0,72,58,31,0,140,7,35,18,1575417600
1069,0,10,37,1175,4890,123,174,127,57,182,92,5645,160,1,1870,47,38,319,358,0,0,0,0,0,0,72,58,31,0,140,7,35,18,1575504000
1070,0,10,37,1175,4892,123,174,127,57,182,92,5647,160,1,1869,47,38,319,358,0,0,0,0,0,0,72,58,31,0,140,7,35,18,1575590400
1071,0,10,37,1175,4894,123,174,127,57,182,92,5649,160,1,1868,47,38,319,358,0,0,0,0,0,0,72,58,31,0,140,7,35,18,1575676800
1072,0,10,37,1175,4896,123,174,127,57,182,92,5651,160,1,1872,47,38,319,359,0,0,0,0,0,0,72,58,31,0,140,7,35,18,1575763200
1073,0,10,37,1175,4897,123,174,127,57,182,92,5652,160,1,1877,47,39,319,359,0,0,0,0,0,0,72,58,31,0,140,7,35,18,1575849600
1074,0,10,37,1175,4897,123,174,127,57,182,92,5652,160,1,1881,47,39,319,359,0,0,0,0,0,0,72,58,31,0,140,7,35,18,1575936000
1075,0,10,37,1175,4898,123,174,127,57,182,92,5653,160,1,1880,47,39,322,363,0,0,0,0,0,0,72,58,30,0,140,7,35,18,1576022400
1076,0,10,37,1175,4901,123,174,127,57,182,92,5656,160,1,1879,47,39,321,363,0,0,0,0,0,0,72,58,30,0,140,7,35,18,1576108800
1077,0,10,37,1175,4902,123,174,127,57,182,92,5657,160,1,1882,47,39,322,364,0,0,0,0,0,0,72,58,30,0,140,7,35,18,1576195200
1078,0,10,37,1175,4906,123,174,127,57,182,92,5661,160,1,1883,47,39,326,368,0,0,0,0,0,0,72,58,30,0,140,7,35,18,1576281600
1079,0,10,37,1175,4906,123,175,127,57,182,92,5662,160,1,1883,47,39,326,368,0,0,0,0,0,0,72,58,30,0,140,7,35,18,1576368000
1080,0,10,37,1175,4909,123,175,127,57,182,92,5665,160,1,1882,47,39,326,368,0,0,0,0,0,0,72,58,30,0,140,7,35,18,1576454400
1081,0,10,37,1175,4909,123,175,127,57,182,92,5665,160,1,1881,47,39,326,368,0,0,0,0,0,0,72,58,30,0,140,7,35,18,1576540800
1082,0,10,37,1175,4909,123,175,127,57,182,92,5665,160,1,1883,47,39,326,368,0,0,0,0,0,0,72,58,30,0,140,7,35,18,1576627200
1083,0,10,37,1175,4909,123,175,127,57,182,92,5665,160,1,1884,47,39,326,368,0,0,0,0,0,0,72,58,30,0,140,7,35,18,1576713600
1084,0,10,37,1175,4910,123,175,127,57,182,92,5666,160,1,1885,47,39,326,368,0,0,0,0,0,0,72,58,30,0,140,7,35,18,1576800000
1085,0,10,37,1175,4912,123,175,127,57,182,92,5668,160,1,1885,47,39,328,371,0,0,0,0,0,0,72,58,30,0,140,7,35,18,1576886400
1086,0,10,37,1175,4914,123,175,127,57,182,92,5670,160,1,1883,47,39,328,371,0,0,0,0,0,0,72,58,30,0,140,7,35,18,1576972800
1087,0,10,37,1175,4914,123,175,127,57,182,92,5670,160,1,1884,47,39,328,371,0,0,0,0,0,0,72,58,30,0,140,7,35,18,1577059200
1088,0,10,37,1175,4914,123,175,127,57,182,92,5670,160,1,1885,47,39,328,371,0,0,0,0,0,0,72,59,30,2,140,6,35,18,1577145600
1089,0,10,37,1175,4914,123,175,127,57,182,92,5670,160,1,1887,47,39,329,373,0,0,0,0,0,0,72,59,30,2,140,6,35,18,1577232000
1090,0,10,37,1175,4914,123,175,127,57,182,92,5670,160,1,1888,47,39,329,373,0,0,0,0,0,0,72,59,30,2,140,6,35,18,1577318400
1091,0,10,37,1175,4917,123,175,127,57,182,92,5673,160,1,1883,47,39,329,373,0,0,0,0,0,0,72,59,30,2,141,6,35,18,1577404800
1092,0,10,37,1175,4917,123,175,127,57,182,92,5673,160,1,1884,47,39,329,373,0,0,0,0,0,0,72,59,30,2,141,6,35,18,1577491200
1093,0,10,37,1175,4919,123,176,127,57,182,92,5676,160,1,1883,47,39,329,374,0,0,0,0,0,0,72,59,30,2,141,6,35,18,1577577600
1094,0,10,37,1175,4922,123,176,127,57,182,92,5679,160,1,1883,47,39,329,374,0,0,0,0,0,0,72,59,30,2,141,6,35,18,1577664000
1095,0,10,37,1175,4922,123,176,127,57,182,92,5679,160,1,1889,47,39,329,374,0,0,0,0,0,0,72,59,30,2,141,6,35,18,1577750400
1096,0,10,37,1175,4924,123,176,127,57,182,92,5681,160,1,1887,47,39,329,374,0,0,0,0,0,0,72,59,30,2,141,6,35,18,1577836800
1097,0,10,37,1175,4924,123,176,127,57,182,92,5681,160,1,1887,47,39,328,374,0,0,0,0,0,0,72,59,30,0,142,7,35,18,1577923200
1098,0,10,37,1175,4929,123,176,127,57,182,92,5686,160,1,1886,47,39,328,374,0,0,0,0,0,0,72,59,30,0,142,7,35,18,1578009600
1099,0,10,37,1175,4931,123,176,127,57,182,92,5688,160,1,1887,47,39,328,374,0,0,0,0,0,0,73,59,30,0,142,8,35,18,1578096000
1100,0,10,37,1175,4932,123,176,127,57,182,92,5689,160,1,1886,47,39,328,374,0,0,0,0,0,0,73,59,30,0,142,8,35,18,1578182400
1101,0,10,37,1175,4932,123,176,127,57,182,92,5689,160,1,1885,47,39,328,374,0,0,0,0,0,0,73,59,30,0,142,8,35,18,1578268800
1102,0,10,37,1175,4932,123,176,127,57,182,92,5689,160,1,1886,47,38,330,375,0,0,0,0,0,0,73,59,30,0,142,8,35,18,1578355200
1103,0,10,37,1175,4932,123,176,128,57,182,92,5690,160,1,1886,47,38,330,375,0,0,0,0,0,0,73,59,30,0,142,8,35,18,1578441600
1104,0,10,37,1175,4933,123,176,128,57,182,92,5691,160,1,1887,47,37,330,375,0,0,0,0,0,0,73,59,30,0,142,8,35,18,1578528000
1105,0,10,37,1175,4933,123,177,128,57,182,92,5692,160,1,1887,47,38,330,376,0,0,0,0,0,0,73,59,30,0,142,8,35,18,1578614400
1106,0,10,37,1175,4934,123,177,128,57,182,92,5693,160,1,1888,47,38,330,376,0,0,0,0,0,0,73,59,30,0,142,8,35,18,1578700800
1107,0,10,37,1175,4935,123,177,128,57,182,92,5694,160,1,1887,47,38,330,376,0,0,0,0,0,0,73,59,30,0,142,8,35,18,1578787200
1108,0,10,37,1175,4935,123,177,128,57,182,92,5694,160,1,1887,47,38,330,376,0,0,0,0,0,0,73,59,30,0,142,8,35,18,1578873600
1109,0,10,37,1175,4938,123,177,128,57,182,92,5697,160,1,1885,47,38,330,376,0,0,0,0,0,0,73,59,30,0,142,8,35,18,1578960000
1110,0,10,37,1175,4938,123,177,128,57,182,92,5697,160,1,1885,47,38,330,376,0,0,0,0,0,0,73,59,30,0,142,8,35,18,1579046400
1111,0,10,37,1175,4939,123,177,128,57,182,92,5698,160,1,1885,47,38,330,376,0,0,0,0,0,0,73,59,30,0,142,8,35,18,1579132800
1112,0,10,37,1175,4939,123,177,128,57,182,92,5698,160,1,1887,47,38,330,376,0,0,0,0,0,0,73,59,30,0,142,8,35,18,1579219200
1113,0,10,37,1175,4939,123,177,128,57,182,92,5698,160,1,1884,47,38,330,376,0,0,0,0,0,0,73,59,30,0,142,8,35,18,1579305600
1114,0,10,37,1175,4940,123,177,128,57,182,93,5700,160,1,1883,47,38,330,376,0,0,0,0,0,0,73,59,30,0,142,8,35,18,1579392000
1115,0,10,37,1175,4940,123,177,128,57,182,93,5700,160,1,1884,48,38,330,376,0,0,0,0,0,0,73,59,30,0,142,8,35,18,1579478400
1116,0,10,37,1175,4941,123,177,128,57,182,93,5701,160,1,1885,50,38,330,377,0,0,0,0,0,0,73,59,30,0,142,8,35,18,1579564800
1117,0,10,37,1175,4941,123,177,128,57,182,93,5701,160,1,1885,50,38,330,378,0,0,0,0,0,0,73,59,30,0,142,8,0,18,1579651200
1118,0,10,37,1175,4941,123,177,128,57,182,93,5701,160,1,1885,50,38,331,381,0,0,0,0,0,0,73,59,30,0,142,8,35,18,1579737600
1119,0,10,37,1175,4941,123,177,128,57,182,93,5701,160,1,1884,51,38,333,382,0,0,0,0,0,0,73,60,30,0,142,8,35,18,1579824000
1120,0,10,37,1175,4941,123,177,128,57,182,93,5701,160,1,1882,51,38,333,385,0,0,0,0,0,0,73,60,30,0,142,8,35,18,1579910400
1121,0,10,37,1175,4941,123,177,128,57,182,93,5701,160,1,1885,51,38,333,386,0,0,0,0,0,0,73,60,30,0,142,8,35,18,1579996800
1122,0,10,37,1175,4941,123,177,128,57,182,93,5701,160,1,1885,51,38,334,388,0,0,0,0,0,0,73,60,30,0,142,8,35,18,1580083200
1123,0,10,37,1175,4941,123,177,128,57,182,93,5701,160,1,1886,51,38,334,388,0,0,0,0,0,0,73,60,30,0,142,8,35,18,1580169600
1124,0,10,37,1175,4942,123,177,128,57,182,93,5702,160,1,1885,51,38,335,390,0,0,0,0,0,0,73,60,30,0,142,8,35,18,1580256000
1125,0,10,37,1175,4942,123,177,128,57,182,93,5702,160,1,1883,51,38,336,391,0,0,0,0,0,0,73,60,30,0,142,8,35,18,1580342400
1126,0,10,37,1175,4942,123,177,128,57,182,93,5702,160,1,1884,51,38,338,392,0,0,0,0,0,0,73,60,30,0,142,8,35,18,1580428800
1127,0,10,37,1175,4945,123,178,128,57,182,93,5706,160,1,1886,51,38,338,392,0,0,0,0,0,0,73,60,30,0,142,8,35,18,1580515200
1128,0,10,37,1175,4945,123,178,128,57,182,93,5706,160,1,1889,51,38,342,393,0,0,0,0,0,0,73,60,30,0,142,8,35,18,1580601600
1129,0,10,37,1175,4945,123,178,128,57,182,93,5706,160,1,1891,51,38,342,393,0,0,0,0,0,0,73,60,30,0,142,8,35,18,1580688000
1130,0,10,37,1175,4946,123,178,129,57,182,93,5708,160,1,1892,52,38,342,394,0,0,0,0,0,0,73,60,30,0,142,8,35,18,1580774400
1131,0,10,37,1175,4947,123,178,129,57,182,93,5709,160,1,1891,52,38,342,394,0,0,0,0,0,0,73,60,30,0,142,8,35,18,1580860800
1132,0,10,37,1175,4948,123,178,129,57,182,94,5711,160,1,1893,54,38,350,396,0,0,0,0,0,0,73,60,30,0,142,8,35,18,1580947200
1133,0,10,37,1175,4949,123,178,129,57,182,94,5712,160,1,1891,54,38,351,397,0,0,0,0,0,0,73,60,30,0,142,8,35,18,1581033600
1134,0,10,37,1175,4949,123,178,129,57,182,94,5712,160,1,1892,54,37,351,399,0,0,0,0,0,0,73,60,30,0,142,8,35,18,1581120000
1135,0,10,37,1175,4949,123,178,129,57,182,94,5712,160,1,1889,54,37,351,400,0,0,0,0,0,0,73,60,30,0,142,8,35,18,1581206400
1136,0,10,37,1175,4951,123,178,129,57,182,94,5714,160,1,1886,54,37,353,400,0,0,0,0,0,0,73,60,30,0,142,8,35,18,1581292800
1137,0,10,37,1175,4951,123,178,129,57,182,94,5714,160,1,1889,60,37,356,401,0,0,0,0,0,0,73,60,30,0,142,8,35,18,1581379200
1138,0,10,37,1175,4952,123,178,129,57,182,94,5715,160,1,1892,60,37,357,404,0,0,0,0,0,0,73,60,30,0,142,8,35,18,1581465600
1139,0,10,37,1175,4952,123,178,129,57,183,94,5716,160,1,1893,60,37,358,404,0,0,0,0,0,0,73,60,30,0,142,8,35,18,1581552000
1140,0,10,37,1175,4952,123,178,129,57,184,94,5717,160,1,1893,60,37,357,404,0,0,0,0,0,0,74,60,30,0,142,8,35,18,1581638400
1141,0,10,37,1175,4952,123,178,129,57,184,94,5717,160,1,1897,60,37,357,405,0,0,0,0,0,0,74,60,30,0,142,8,35,18,1581724800
1142,0,10,37,1175,4953,124,178,129,57,184,94,5719,160,1,1901,60,37,358,406,0,0,0,0,0,0,74,60,30,0,142,8,35,18,1581811200
1143,0,10,37,1175,4953,124,178,129,57,184,94,5719,160,1,1902,61,37,362,407,0,0,0,0,0,0,74,60,30,0,142,8,35,18,1581897600
1144,0,10,37,1175,4953,124,178,129,57,184,94,5719,160,1,1906,61,37,362,407,0,0,0,0,0,0,74,60,30,0,142,8,35,18,1581984000
1145,0,10,37,1175,4953,124,178,129,57,184,94,5719,160,1,1905,61,37,362,408,0,0,0,0,0,0,74,60,30,0,142,8,35,18,1582070400
1146,0,10,37,1175,4953,124,178,129,57,184,94,5719,160,1,1903,61,37,363,409,0,0,0,0,0,0,74,60,30,0,142,8,35,18,1582156800
1147,0,10,37,1175,4953,124,178,129,57,184,94,5719,160,1,1901,61,37,363,410,0,0,0,0,0,0,74,60,30,0,142,8,35,18,1582243200
1148,0,10,37,1175,4953,124,178,129,57,184,94,5719,160,1,1897,61,37,363,410,0,0,0,0,0,0,74,60,30,0,142,8,35,18,1582329600
1149,0,10,37,1175,4954,124,178,129,57,184,94,5720,160,1,1895,61,37,363,410,0,0,0,0,0,0,74,60,30,0,142,8,35,18,1582416000
1150,0,10,37,1175,4954,124,178,129,57,184,94,5720,160,1,1896,61,37,364,410,0,0,0,0,0,0,74,60,30,0,142,8,35,18,1582502400
1151,0,10,37,1175,4954,124,178,129,57,184,94,5720,160,1,1893,61,37,364,410,0,0,0,0,0,0,74,60,30,0,142,8,35,18,1582588800
1152,0,10,37,1175,4954,124,178,129,57,184,94,5720,160,1,1892,61,37,367,412,0,0,0,0,0,0,74,60,30,0,142,8,35,18,1582675200
1153,0,10,37,1175,4954,124,178,129,57,184,94,5720,160,1,1894,61,37,367,412,0,0,0,0,0,0,74,60,30,0,142,8,35,18,1582761600
1154,0,10,37,1175,4955,124,178,129,57,184,94,5721,160,1,1894,61,37,367,412,0,0,0,0,0,0,74,60,30,0,142,8,35,18,1582848000
1155,0,10,37,1175,4955,124,178,129,57,184,94,5721,160,1,1893,61,37,367,412,0,0,0,0,0,0,74,60,30,0,142,8,35,18,1582934400
1156,0,10,37,1175,4955,124,178,129,57,184,94,5721,160,1,1894,61,37,367,412,0,0,0,0,0,0,74,60,30,0,142,8,35,18,1583020800
1157,0,10,37,1175,4955,124,178,129,57,184,94,5721,160,1,1893,61,37,367,412,0,0,0,0,0,0,74,60,30,0,142,8,35,18,1583107200
1158,0,10,37,1175,4955,124,178,129,57,184,94,5721,160,1,1895,61,36,367,413,0,0,0,0,0,0,74,60,30,0,142,8,35,18,1583193600
1159,0,10,37,1175,4955,124,178,129,57,184,94,5721,160,1,1896,61,36,367,413,0,0,0,0,0,0,74,60,30,0,142,8,35,18,1583280000
1160,0,10,37,1175,4955,124,178,129,57,184,94,5721,160,1,1895,61,36,368,414,0,0,0,0,0,0,74,60,30,0,142,8,35,18,1583366400
1161,0,10,37,1175,4956,124,178,129,57,184,94,5722,160,1,1896,61,36,368,414,0,0,0,0,0,0,74,60,30,0,142,8,35,18,1583452800
1162,0,10,37,1175,4957,124,178,129,57,184,94,5723,160,1,1898,61,36,368,414,0,0,0,0,0,0,74,60,30,0,142,8,35,18,1583539200
1163,0,10,37,1175,4957,124,178,129,57,184,94,5723,160,1,1900,61,36,368,414,0,0,0,0,0,0,74,60,30,0,142,8,35,18,1583625600
1164,0,10,37,1175,4958,124,178,130,57,184,94,5725,160,1,1901,61,36,368,414,0,0,0,0,0,0,74,60,30,0,142,8,35,18,1583712000
1165,0,10,37,1175,4958,124,178,130,57,184,94,5725,160,1,1900,61,36,368,414,0,0,0,0,0,0,74,60,30,0,142,8,35,18,1583798400
1166,0,10,37,1175,4959,124,178,130,57,184,94,5726,160,1,1901,61,36,368,414,0,0,0,0,0,0,74,60,30,0,142,8,35,18,1583884800
1167,0,10,37,1175,4960,124,178,130,57,184,94,5727,160,1,1902,61,36,368,414,0,0,0,0,0,0,74,60,30,0,142,8,35,18,1583971200
1168,0,10,37,1175,4961,124,178,130,57,184,94,5728,160,1,1900,61,36,368,414,0,0,0,0,0,0,74,60,30,0,142,8,35,18,1584057600
1169,0,10,37,1175,4961,124,178,130,57,184,94,5728,160,1,1900,61,36,368,414,0,0,0,0,0,0,74,60,30,0,142,8,35,18,1584144000
1170,0,10,37,1175,4961,124,178,130,57,184,94,5728,160,1,1901,61,36,368,414,0,0,0,0,0,0,74,60,30,0,142,8,35,18,1584230400
1171,0,10,37,1175,4961,124,178,130,57,184,94,5728,160,1,1899,61,36,368,415,0,0,0,0,0,0,74,60,30,0,142,8,35,18,1584316800
1172,0,10,37,1175,4961,124,178,130,57,184,94,5728,160,1,1896,61,36,369,417,0,0,0,0,0,0,74,59,30,0,142,8,35,18,1584403200
1173,0,10,37,1175,4961,124,178,130,57,184,94,5728,160,1,1897,61,36,369,418,0,0,0,0,0,0,74,59,30,0,142,8,35,18,1584489600
1174,0,10,37,1175,4961,124,178,130,57,184,94,5728,160,1,1896,61,36,369,419,0,0,0,0,0,0,74,59,30,0,142,8,35,18,1584576000
1175,0,10,37,1175,4961,124,178,130,57,184,94,5728,160,1,1894,61,36,370,420,0,0,0,0,0,0,74,59,30,0,142,8,35,18,1584662400
1176,0,10,37,1175,4961,124,178,130,57,184,94,5728,160,1,1894,61,36,370,421,0,0,0,0,0,0,74,59,30,0,142,8,35,18,1584748800
1177,0,10,37,1175,4961,124,178,130,57,184,94,5728,160,1,1895,61,36,370,421,0,0,0,0,0,0,74,59,30,0,142,8,35,18,1584835200
1178,0,10,37,1175,4961,124,178,130,57,184,94,5728,160,1,1893,61,36,370,421,0,0,0,0,0,0,74,59,30,0,142,8,35,18,1584921600
1179,0,10,37,1175,4961,124,178,130,57,184,94,5728,160,1,1893,61,36,370,421,0,0,0,0,0,0,74,59,30,0,142,8,35,18,1585008000
1180,0,10,37,1175,4961,124,178,130,57,184,94,5728,160,1,1892,61,36,370,421,0,0,0,0,0,0,74,59,30,0,142,8,35,18,1585094400
1181,0,10,37,1175,4961,124,178,130,57,184,94,5728,160,1,1892,61,36,370,421,0,0,0,0,0,0,74,59,30,0,142,8,35,18,1585180800
1182,0,10,37,1175,4961,124,178,130,57,184,94,5728,160,1,1891,61,36,370,421,0,0,0,0,0,0,74,59,30,0,142,8,35,18,1585267200
1183,0,10,37,1175,4961,124,178,130,57,184,94,5728,160,1,1890,61,36,370,421,0,0,0,0,0,0,74,59,30,0,142,8,35,18,1585353600
1184,0,10,37,1175,4961,124,178,130,57,184,94,5728,160,1,1891,61,36,370,421,0,0,0,0,0,0,74,59,30,0,142,8,35,18,1585440000
1185,0,10,37,1175,4961,124,178,130,57,184,94,5728,160,1,1891,61,36,370,421,0,0,0,0,0,0,74,59,30,0,142,8,35,18,1585526400
1186,0,10,37,1175,4961,124,178,130,57,184,94,5728,160,1,1890,61,36,370,421,0,0,0,0,0,0,74,59,30,0,142,8,35,18,1585612800
1187,0,10,37,1175,4961,124,178,130,57,184,94,5728,160,1,1890,61,36,372,421,0,0,0,0,0,0,74,59,30,0,142,8,35,18,1585699200
1188,0,10,37,1175,4961,124,178,130,57,184,94,5728,160,1,1891,61,36,374,421,0,0,0,0,0,0,74,59,30,0,142,8,35,18,1585785600
1189,0,10,37,1175,4961,124,178,130,57,184,94,5728,160,1,1887,61,36,376,422,0,0,0,0,0,0,74,59,30,0,142,8,35,18,1585872000
1190,0,10,37,1175,4961,124,178,130,57,184,94,5728,160,1,1885,61,36,376,424,0,0,0,0,0,0,74,59,30,0,142,8,35,18,1585958400
1191,0,10,37,1175,4961,124,178,130,57,184,94,5728,160,1,1884,61,36,377,425,0,0,0,0,0,0,74,59,30,0,142,8,35,18,1586044800
1192,0,10,37,1175,4961,124,178,130,57,184,94,5728,160,1,1883,61,36,377,425,0,0,0,0,0,0,74,59,30,0,142,8,35,18,1586131200
1193,0,10,37,1175,4961,124,178,130,57,184,94,5728,160,1,1881,61,36,377,426,0,0,0,0,0,0,74,59,30,0,142,8,35,18,1586217600
1194,0,10,37,1175,4961,124,178,130,57,184,94,5728,160,1,1882,61,36,377,426,0,0,0,0,0,0,74,59,30,0,142,8,35,18,1586304000
1195,0,10,37,1175,4961,124,178,130,57,184,94,5728,160,1,1881,61,36,384,430,0,0,0,0,0,0,74,59,30,0,142,8,35,18,1586390400
1196,0,10,37,1175,4961,124,178,131,57,184,94,5729,160,1,1880,61,36,386,430,0,0,0,0,0,0,74,59,30,0,142,8,35,18,1586476800
1197,0,10,37,1175,4961,124,178,131,57,184,94,5729,160,1,1882,61,36,386,430,0,0,0,0,0,0,74,59,30,0,142,8,35,18,1586563200
1198,0,10,37,1175,4961,124,178,131,57,184,94,5729,160,1,1881,61,36,387,430,0,0,0,0,0,0,74,59,30,0,142,8,35,18,1586649600
1199,0,10,37,1175,4961,124,178,131,57,184,94,5729,160,1,1880,61,36,387,430,0,0,0,0,0,0,74,59,30,0,142,8,35,18,1586736000
1200,0,10,37,1175,4961,124,178,131,57,184,94,5729,160,1,1880,61,36,387,430,0,0,0,0,0,0,73,59,30,0,142,8,35,18,1586822400
1201,0,10,37,1175,4961,124,178,131,57,184,94,5729,160,1,1879,61,37,387,430,0,0,0,0,0,0,73,59,30,0,142,8,35,18,1586908800
1202,0,10,37,1175,4961,124,178,131,57,184,94,5729,160,1,1879,61,37,387,430,0,0,0,0,0,0,73,59,30,0,142,8,35,18,1586995200
1203,0,10,37,1175,4961,124,178,131,57,184,96,5731,160,1,1879,61,37,387,430,0,0,0,0,0,0,73,59,30,0,142,8,35,18,1587081600
1204,0,10,37,1175,4961,124,178,131,57,184,96,5731,160,1,1879,61,37,387,430,0,0,0,0,0,0,73,59,30,0,142,8,35,18,1587168000
1205,0,10,37,1175,4961,124,178,131,57,184,96,5731,160,1,1877,61,37,387,430,0,0,0,0,0,0,73,59,30,0,142,8,35,18,1587254400
1206,0,10,37,1175,4961,124,178,131,57,184,96,5731,160,1,1877,61,37,387,430,0,0,0,0,0,0,73,59,30,0,142,8,35,18,1587340800
1207,0,10,37,1175,4961,124,178,131,57,184,96,5731,160,1,1878,61,37,387,430,0,0,0,0,0,0,73,59,30,0,142,8,35,18,1587427200
1208,0,10,37,1175,4961,124,178,131,57,184,96,5731,160,1,1878,62,37,388,431,0,0,0,0,0,0,73,59,30,0,142,8,35,18,1587513600
1209,0,10,37,1175,4961,124,178,131,57,184,96,5731,160,1,1876,62,36,388,431,0,0,0,0,0,0,73,59,30,0,142,8,35,18,1587600000
1210,0,10,37,1175,4962,124,178,131,57,184,96,5732,160,1,1877,62,36,388,431,0,0,0,0,0,0,73,59,30,0,142,8,35,18,1587686400
1211,0,10,37,1175,4964,124,178,131,57,184,96,5734,160,1,1879,62,36,388,431,0,0,0,0,0,0,73,59,30,0,142,8,35,18,1587772800
1212,0,10,37,1175,4965,124,178,131,57,184,96,5735,160,1,1878,62,36,388,431,0,0,0,0,0,0,73,59,30,0,142,8,35,18,1587859200
1213,0,10,37,1175,4966,124,178,131,57,184,96,5736,160,1,1876,62,36,388,431,0,0,0,0,0,0,73,59,30,0,142,8,35,18,1587945600
1214,0,10,37,1175,4968,124,178,131,57,184,96,5738,160,1,1877,62,36,389,431,0,0,0,0,0,0,73,59,30,0,142,8,35,18,1588032000
1215,0,10,37,1175,4968,124,178,131,57,184,96,5738,160,1,1878,62,36,389,431,0,0,0,0,0,0,73,59,30,0,142,8,35,18,1588118400
1216,0,10,37,1175,4968,124,178,131,57,184,96,5738,160,1,1877,62,36,389,431,0,0,0,0,0,0,73,59,30,0,142,8,35,18,1588204800
1217,0,10,37,1175,4970,124,178,131,57,184,96,5740,160,1,1873,62,36,389,432,0,0,0,0,0,0,73,59,30,0,142,8,35,18,1588291200
1218,0,10,37,1175,4973,124,178,131,57,184,96,5743,160,1,1874,62,37,389,432,0,0,0,0,0,0,73,59,30,0,142,8,35,18,1588377600
1219,0,10,37,1175,4976,124,178,131,57,184,96,5746,160,1,1875,62,37,389,432,0,0,0,0,0,0,73,59,30,0,142,8,35,18,1588464000
1220,0,10,37,1175,4979,124,178,131,57,184,96,5749,160,1,1874,62,37,389,432,0,0,0,0,0,0,73,59,30,0,142,8,35,18,1588550400
1221,0,10,37,1175,4979,124,178,131,57,184,96,5749,160,1,1875,62,37,389,432,0,0,0,0,0,0,73,59,30,0,142,8,35,18,1588636800
1222,0,10,37,1175,4979,124,178,131,57,184,96,5749,160,1,1876,62,37,388,432,0,0,0,0,0,0,73,59,30,0,143,6,36,18,1588723200
1223,0,10,37,1175,4979,124,178,131,57,184,96,5749,160,1,1875,62,36,388,432,0,0,0,0,0,0,73,59,30,0,143,6,36,18,1588809600
1224,0,10,37,1175,4979,124,178,132,57,184,96,5750,160,1,1872,62,36,388,432,0,0,0,0,0,0,73,59,30,0,143,6,36,18,1588896000
1225,0,10,37,1175,4979,124,178,132,57,184,96,5750,160,1,1872,62,36,388,432,0,0,0,0,0,0,73,59,30,0,143,6,36,18,1588982400
1226,0,10,37,1175,4979,124,178,132,57,184,96,5750,160,1,1871,62,36,388,432,0,0,0,0,0,0,73,59,30,0,143,6,36,18,1589068800
1227,0,10,37,1175,4979,124,178,132,57,184,96,5750,160,1,1870,62,36,388,432,0,0,0,0,0,0,73,59,30,0,143,6,36,18,1589155200
1228,0,10,37,1175,4980,124,178,132,57,184,96,5751,160,1,1867,62,35,388,432,0,0,0,0,0,0,73,59,30,0,143,6,36,18,1589241600
1229,0,10,37,1175,4981,124,179,132,58,185,96,5755,160,1,1867,62,34,388,432,0,0,0,0,0,0,73,59,30,0,143,6,36,18,1589328000
1230,0,10,37,1175,4981,124,179,132,58,185,96,5755,160,1,1869,62,34,389,433,0,0,0,0,0,0,73,59,30,0,143,6,36,18,1589414400
1231,0,10,37,1175,4981,124,179,132,58,185,97,5756,160,1,1868,63,34,390,433,0,0,0,0,0,0,73,59,30,0,143,6,36,18,1589500800
1232,0,10,37,1175,4982,124,179,132,58,185,97,5757,160,1,1866,63,34,390,433,0,0,0,0,0,0,73,59,30,0,143,6,36,18,1589587200
1233,0,10,37,1175,4982,124,179,132,58,185,97,5757,160,1,1866,63,34,390,433,0,0,0,0,0,0,73,59,30,0,143,6,36,18,1589673600
1234,0,10,37,1175,4982,124,179,132,58,185,97,5757,160,1,1867,63,34,390,433,0,0,0,0,0,0,73,59,30,0,143,6,36,18,1589760000
1235,0,10,37,1175,4982,124,179,132,58,185,97,5757,160,1,1868,63,34,387,433,0,0,0,0,0,0,73,59,30,0,143,6,36,18,1589846400
1236,0,10,37,1175,4982,124,179,132,58,185,97,5757,160,1,1868,63,34,387,433,0,0,0,0,0,0,73,59,30,0,143,6,36,18,1589932800
1237,0,10,37,1175,4982,124,179,132,58,185,97,5757,160,1,1867,63,34,387,433,0,0,0,0,0,0,73,59,30,0,143,6,36,18,1590019200
1238,0,10,37,1175,4982,124,179,132,58,185,97,5757,160,1,1863,63,34,387,433,0,0,0,0,0,0,73,59,30,0,143,0,36,18,1590105600
1239,0,10,37,1175,4982,124,179,132,58,185,97,5757,160,1,1864,63,34,387,433,0,0,0,0,0,0,73,59,30,0,143,6,36,18,1590192000
1240,0,10,37,1175,4982,124,179,132,58,185,97,5757,160,1,1864,63,34,387,433,0,0,0,0,0,0,73,59,30,0,143,6,36,18,1590278400
1241,0,10,37,1175,4982,124,179,132,58,185,97,5757,160,1,1865,63,34,385,433,0,0,0,0,0,0,73,59,30,0,143,6,36,18,1590364800
1242,0,10,37,1175,4982,124,179,132,58,185,97,5757,160,1,1865,63,34,385,433,0,0,0,0,0,0,73,59,30,0,143,6,36,18,1590451200
1243,0,10,37,1175,4982,124,179,132,58,185,97,5757,160,1,1865,63,34,385,433,0,0,0,0,0,0,73,59,30,0,143,6,36,18,1590537600
1244,0,10,37,1175,4982,124,179,132,58,185,97,5757,160,1,1865,63,34,385,433,0,0,0,0,0,0,73,59,30,0,143,6,36,18,1590624000
1245,0,10,37,1175,4982,124,179,132,58,185,97,5757,160,1,1864,63,34,385,434,0,0,0,0,0,0,73,59,30,0,143,6,36,18,1590710400
1246,0,10,37,1175,4982,124,179,132,58,185,97,5757,160,1,1864,63,34,385,434,0,0,0,0,0,0,72,59,30,0,143,6,36,18,1590796800
1247,0,10,37,1175,4982,124,179,132,58,185,97,5757,160,1,1864,63,34,385,434,0,0,0,0,0,0,72,59,30,0,143,6,36,18,1590883200
1248,0,10,37,1175,4982,124,179,132,58,185,97,5757,160,1,1865,63,34,385,434,0,0,0,0,0,0,72,59,30,0,143,7,36,18,1590969600
1249,0,10,37,1175,4982,124,179,132,58,185,97,5757,160,1,1867,63,34,385,434,0,0,0,0,0,0,72,60,30,0,143,8,36,18,1591056000
1250,0,10,37,1175,4982,124,179,132,58,185,97,5757,160,1,1867,63,34,385,434,0,0,0,0,0,0,72,60,30,0,143,8,36,18,1591142400
1251,0,10,37,1175,4982,124,179,132,58,185,97,5757,160,1,1867,63,34,385,434,0,0,0,0,0,0,72,60,30,0,143,8,36,18,1591228800
1252,0,10,37,1175,4982,124,179,132,58,185,97,5757,160,1,1866,63,34,385,434,0,0,0,0,0,0,72,60,30,0,143,8,36,18,1591315200
1253,0,10,37,1175,4982,124,179,132,58,185,97,5757,160,1,1867,63,34,385,434,0,0,0,0,0,0,72,60,30,0,143,8,36,18,1591401600
1254,0,10,37,1175,4982,124,179,132,58,185,97,5757,160,1,1870,63,34,385,434,0,0,0,0,0,0,72,60,30,0,143,8,36,18,1591488000
1255,0,10,37,1175,4982,124,179,132,58,185,97,5757,160,1,1869,63,34,385,434,0,0,0,0,0,0,72,60,30,0,143,8,36,18,1591574400
1256,0,10,37,1175,4983,124,179,133,58,185,97,5759,160,1,1869,63,34,385,434,0,0,0,0,0,0,72,60,30,0,143,8,36,18,1591660800
1257,0,10,37,1175,4984,124,179,134,58,185,97,5761,160,1,1868,63,34,385,434,0,0,0,0,0,0,72,60,30,0,143,8,36,18,1591747200
1258,0,10,37,1175,4984,124,179,134,58,185,97,5761,160,1,1868,64,34,385,434,0,0,0,0,0,0,72,60,30,0,143,8,36,18,1591833600
1259,0,10,37,1175,4984,124,179,134,58,185,97,5761,160,1,1869,64,34,385,434,0,0,0,0,0,0,72,60,30,0,143,8,36,18,1591920000
1260,0,10,37,1175,4984,124,179,134,58,185,97,5761,160,1,1870,64,34,385,434,0,0,0,0,0,0,72,60,30,0,143,8,36,18,1592006400
1261,0,10,37,1175,4984,124,179,134,58,185,97,5761,160,1,1870,64,34,385,434,0,0,0,0,0,0,72,60,30,0,143,8,36,18,1592092800
1262,0,10,37,1175,4984,124,179,134,58,185,97,5761,160,1,1872,64,34,385,434,0,0,0,0,0,0,72,60,30,0,143,8,36,18,1592179200
1263,0,10,37,1175,4984,124,179,134,58,185,97,5761,160,1,1872,64,34,385,434,0,0,0,0,0,0,72,60,30,0,143,8,36,18,1592265600
1264,0,10,37,1175,4984,124,179,134,58,185,97,5761,160,1,1871,64,34,385,434,0,0,0,0,0,0,72,60,30,0,143,8,36,18,1592352000
1265,0,10,37,1175,4984,124,179,134,58,185,97,5761,160,1,1871,64,34,385,434,0,0,0,0,0,0,72,59,30,0,143,8,36,18,1592438400
1266,0,10,37,1175,4984,124,179,134,58,185,97,5761,160,1,1871,64,34,385,434,0,0,0,0,0,0,72,59,30,0,143,8,36,18,1592524800
1267,0,10,37,1175,4984,124,179,134,58,185,97,5761,160,1,1873,64,34,385,434,0,0,0,0,0,0,72,59,30,0,143,8,36,18,1592611200
1268,0,10,37,1175,4984,124,179,134,58,185,97,5761,160,1,1873,64,34,385,434,0,0,0,0,0,0,72,59,30,0,143,8,36,18,1592697600
1269,0,10,37,1175,4984,124,179,134,58,185,97,5761,160,1,1873,64,34,385,434,0,0,0,0,0,0,72,59,30,0,143,8,36,18,1592784000
1270,0,10,37,1175,4984,124,179,134,58,185,97,5761,160,1,1875,64,34,385,434,0,0,0,0,0,0,72,59,30,0,143,8,36,18,1592870400
1271,0,10,37,1175,4984,124,179,134,58,185,97,5761,160,1,1874,64,34,385,434,0,0,0,0,0,0,72,59,30,0,143,8,36,18,1592956800
1272,0,10,37,1175,4984,124,179,134,58,185,97,5761,160,1,1875,64,34,385,434,0,0,0,0,0,0,72,59,30,0,143,8,36,18,1593043200
1273,0,10,37,1175,4984,124,179,134,58,185,97,5761,160,1,1873,64,34,385,434,0,0,0,0,0,0,72,59,30,0,143,8,36,18,1593129600
1274,0,10,37,1175,4984,124,179,134,58,185,97,5761,160,1,1871,64,34,385,434,0,0,0,0,0,0,72,59,30,0,143,8,36,18,1593216000
1275,0,10,37,1175,4984,124,179,134,58,185,97,5761,160,1,1872,64,34,385,434,0,0,0,0,0,0,72,59,30,0,143,8,36,18,1593302400
1276,0,10,37,1175,4984,124,179,134,58,185,97,5761,160,1,1873,64,34,385,434,0,0,0,0,0,0,72,59,30,0,143,8,36,18,1593388800
1277,0,10,37,1175,4984,124,179,134,58,185,97,5761,160,1,1872,64,34,385,434,0,0,0,0,0,0,72,59,30,0,143,8,36,18,1593475200
1278,0,10,37,1175,4984,124,179,134,58,185,97,5761,160,1,1872,64,34,385,434,0,0,0,0,0,0,72,59,30,0,143,8,36,18,1593561600
1279,0,10,37,1175,4984,124,179,134,58,185,97,5761,160,1,1871,64,34,385,434,0,0,0,0,0,0,72,59,30,0,143,8,36,18,1593648000
1280,0,10,37,1175,4984,124,179,134,58,185,97,5761,160,1,1871,64,34,385,434,0,0,0,0,0,0,72,59,30,0,143,8,36,18,1593734400
1281,0,10,37,1175,4984,124,179,134,58,185,97,5761,160,1,1872,64,34,385,434,0,0,0,0,0,0,72,59,30,0,143,8,36,18,1593820800
1282,0,10,37,1175,4984,124,179,134,58,185,97,5761,160,1,1872,64,34,385,434,0,0,0,0,0,0,72,58,30,0,143,8,36,18,1593907200
1283,0,10,37,1175,4984,124,179,134,58,185,97,5761,160,1,1870,64,34,384,434,0,0,0,0,0,0,72,58,30,0,143,8,36,18,1593993600
1284,0,10,37,1175,4984,124,179,134,58,185,97,5761,160,1,1870,64,34,384,434,0,0,0,0,0,0,72,58,30,0,143,8,36,18,1594080000
1285,0,10,37,1175,4984,124,179,134,58,185,97,5761,160,1,1872,64,34,384,434,0,0,0,0,0,0,72,58,30,0,143,8,36,18,1594166400
1286,0,10,37,1175,4984,124,179,134,58,185,97,5761,160,1,1872,64,34,384,434,0,0,0,0,0,0,73,59,30,0,143,8,36,18,1594252800
1287,0,10,37,1175,4984,124,179,134,58,185,97,5761,160,1,1872,64,34,384,434,0,0,0,0,0,0,74,59,30,0,143,8,36,18,1594339200
1288,0,10,37,1175,4984,124,179,134,58,185,97,5761,160,1,1871,64,34,384,434,0,0,0,0,0,0,74,59,30,0,143,8,36,18,1594425600
1289,0,10,37,1175,4984,124,179,134,58,185,97,5761,160,1,1873,64,34,384,434,0,0,0,0,0,0,74,59,30,0,143,8,36,18,1594512000
1290,0,10,37,1175,4984,124,179,134,58,185,97,5761,160,1,1873,64,34,384,434,0,0,0,0,0,0,74,59,30,0,143,8,36,18,1594598400
1291,0,10,37,1175,4984,124,179,134,58,185,97,5761,160,1,1874,64,34,384,434,0,0,0,0,0,0,74,59,30,0,143,8,36,18,1594684800
1292,0,10,37,1175,4984,124,179,134,58,185,97,5761,160,1,1873,64,35,384,434,0,0,0,0,0,0,74,59,30,0,143,8,36,18,1594771200
1293,0,10,37,1175,4984,124,179,134,58,185,97,5761,160,1,1871,64,35,384,434,0,0,0,0,0,0,74,59,30,0,143,8,36,18,1594857600
1294,0,10,37,1175,4984,124,179,134,58,185,97,5761,160,1,1871,64,35,384,434,0,0,0,0,0,0,74,59,30,0,143,8,36,18,1594944000
1295,0,10,37,1175,4984,124,179,134,58,185,97,5761,160,1,1873,64,35,384,434,0,0,0,0,0,0,74,59,30,0,143,8,36,18,1595030400
1296,0,10,37,1175,4984,124,179,134,58,185,97,5761,160,1,1874,64,35,384,434,0,0,0,0,0,0,74,59,30,0,143,8,36,18,1595116800
1297,0,10,37,1175,4984,124,179,135,58,185,97,5762,160,1,1871,64,35,384,434,0,0,0,0,0,0,74,59,30,0,143,8,36,18,1595203200
1298,0,10,37,1175,4984,124,179,135,58,185,97,5762,160,1,1872,64,35,401,434,0,0,0,0,0,0,74,59,30,0,143,8,36,18,1595289600
1299,0,10,37,1175,4984,124,179,135,58,185,97,5762,160,1,1872,64,35,401,434,0,0,0,0,0,0,74,59,30,0,143,8,36,18,1595376000
1300,0,10,37,1175,4984,124,179,135,58,185,97,5762,160,1,1872,64,35,401,434,0,0,0,0,0,0,74,59,30,0,143,8,36,18,1595462400
1301,0,10,37,1175,4984,124,179,135,58,185,97,5762,160,1,1869,64,35,401,434,0,0,0,0,0,0,74,59,30,0,143,8,36,18,1595548800
1302,0,10,37,1175,4985,124,179,135,58,185,97,5763,160,1,1870,64,35,400,434,0,0,0,0,0,0,74,59,30,0,143,8,36,18,1595635200
1303,0,10,37,1175,4985,124,179,135,58,185,97,5763,160,1,1869,64,35,400,434,0,0,0,0,0,0,74,59,30,0,143,8,36,18,1595721600
1304,0,10,37,1175,4986,124,179,135,58,185,97,5764,160,1,1872,64,35,400,434,0,0,0,0,0,0,74,59,30,0,143,8,36,18,1595808000
1305,0,10,37,1175,4986,124,179,135,58,185,97,5764,160,1,1872,64,35,400,434,0,0,0,0,0,0,74,59,30,0,143,8,36,18,1595894400
1306,0,10,37,1175,4986,124,179,135,58,185,97,5764,160,1,1873,64,35,400,434,0,0,0,0,0,0,74,59,30,0,143,8,36,18,1595980800
1307,0,10,37,1175,4986,124,179,135,58,185,97,5764,160,1,1873,64,35,400,434,0,0,0,0,0,0,74,58,30,0,143,8,36,18,1596067200
1308,0,10,37,1175,4986,124,179,135,58,185,97,5764,160,1,1872,64,35,400,434,0,0,0,0,0,0,74,58,30,0,143,8,36,18,1596153600
1309,0,10,37,1175,4986,124,179,135,58,185,97,5764,160,1,1870,64,35,400,434,0,0,0,0,0,0,74,58,30,0,143,8,36,18,1596240000
1310,0,10,37,1175,4986,124,179,135,58,185,97,5764,160,1,1868,64,35,400,434,0,0,0,0,0,0,74,58,30,0,143,8,36,18,1596326400
1311,0,10,37,1175,4986,124,179,135,58,185,97,5764,160,1,1866,64,35,400,434,0,0,0,0,0,0,74,58,30,0,143,8,36,18,1596412800
1312,0,10,37,1175,4986,124,179,135,58,185,97,5764,160,1,1867,64,35,399,434,0,0,0,0,0,0,74,58,30,0,143,8,36,18,1596499200
1313,0,10,37,1175,4986,124,179,135,58,185,97,5764,160,1,1867,64,35,399,434,0,0,0,0,0,0,74,58,30,0,143,8,36,18,1596585600
1314,0,10,37,1175,4986,124,179,135,58,185,97,5764,160,1,1868,64,35,399,434,0,0,0,0,0,0,74,58,30,0,143,8,36,18,1596672000
1315,0,10,37,1175,4986,124,179,135,58,185,97,5764,160,1,1868,64,35,399,434,0,0,0,0,0,0,74,57,30,0,143,8,36,18,1596758400
1316,0,10,37,1175,4986,124,179,135,58,185,97,5764,160,1,1867,64,35,399,434,0,0,0,0,0,0,74,57,30,0,143,8,36,18,1596844800
1317,0,10,37,1175,4987,124,179,135,58,185,97,5765,160,1,1867,64,35,399,434,0,0,0,0,0,0,73,57,30,0,143,8,36,18,1596931200
1318,0,10,37,1175,4987,124,179,135,58,185,97,5765,160,1,1868,64,35,399,434,0,0,0,0,0,0,73,57,30,0,143,8,36,18,1597017600
1319,0,10,37,1175,4987,124,179,135,58,185,97,5765,160,1,1868,64,35,399,434,0,0,0,0,0,0,73,57,30,0,143,8,36,18,1597104000
1320,0,10,37,1175,4987,124,179,135,58,185,97,5765,160,1,1868,64,35,401,434,0,0,0,0,0,0,73,57,30,0,143,8,36,18,1597190400
1321,0,10,37,1175,4987,124,179,135,58,185,97,5765,160,1,1869,64,35,401,434,0,0,0,0,0,0,73,57,30,0,143,8,36,18,1597276800
1322,0,10,37,1175,4987,124,179,135,58,185,97,5765,160,1,1869,64,35,402,434,0,0,0,0,0,0,73,57,30,0,143,8,36,18,1597363200
1323,0,10,37,1175,4987,124,179,135,58,185,97,5765,160,1,1869,64,36,402,434,0,0,0,0,0,0,73,57,30,0,143,8,36,18,1597449600
1324,0,10,37,1175,4987,124,179,135,58,185,97,5765,160,1,1870,64,35,406,435,0,0,0,0,0,0,73,57,30,0,143,8,36,18,1597536000
1325,0,10,37,1175,4987,124,179,135,58,185,97,5765,160,1,1871,64,35,408,436,0,0,0,0,0,0,73,57,30,0,143,8,36,18,1597622400
1326,0,10,37,1175,4987,124,179,135,58,185,97,5765,160,1,1871,64,35,408,436,0,0,0,0,0,0,72,57,30,0,143,8,36,18,1597708800
1327,0,10,37,1175,4987,124,179,135,58,185,97,5765,160,1,1871,64,35,408,436,0,0,0,0,0,0,72,57,30,0,143,8,36,18,1597795200
1328,0,10,37,1175,4987,124,179,135,58,185,97,5765,160,1,1872,64,35,406,436,0,0,0,0,0,0,72,57,30,0,143,8,36,18,1597881600
1329,0,10,37,1175,4987,124,179,136,58,185,97,5766,160,1,1872,64,34,406,436,0,0,0,0,0,0,72,57,30,0,143,8,36,18,1597968000
1330,0,10,37,1175,4987,124,179,136,58,185,97,5766,160,1,1872,64,34,406,436,0,0,0,0,0,0,72,57,30,0,143,8,36,18,1598054400
1331,0,10,37,1175,4987,124,179,136,58,185,97,5766,160,1,1873,0,34,0,437,0,0,0,0,0,0,72,57,30,0,143,8,36,18,1598140800
1332,0,10,37,1175,4987,124,179,136,58,185,97,5766,160,1,1871,65,34,410,438,0,0,0,0,0,0,72,56,30,0,143,8,36,18,1598227200
1333,0,10,37,1175,4987,124,179,136,58,185,97,5766,160,1,1869,64,34,411,438,0,0,0,0,0,0,72,56,30,0,143,8,36,18,1598313600
1334,0,10,37,1175,4987,124,179,136,58,185,97,5766,160,1,1870,64,34,413,440,0,0,0,0,0,0,72,56,30,0,143,8,36,18,1598400000
1335,0,10,37,1175,4987,124,179,136,58,185,97,5766,160,1,1873,64,34,413,440,0,0,0,0,0,0,72,56,30,0,143,8,36,18,1598486400
1336,0,10,37,1175,4987,124,179,136,58,185,97,5766,160,1,1873,64,34,413,440,0,0,0,0,0,0,72,56,30,0,143,8,36,18,1598572800
1337,0,10,37,1175,4987,124,179,136,58,185,97,5766,160,1,1875,64,34,414,440,0,0,0,0,0,0,72,56,30,0,143,8,36,18,1598659200
1338,0,10,37,1175,4987,124,179,136,58,185,97,5766,160,1,1875,65,34,415,441,0,0,0,0,0,0,72,56,30,0,143,8,36,18,1598745600
1339,0,10,37,1175,4987,124,179,136,58,185,97,5766,160,1,1876,65,34,415,441,0,0,0,0,0,0,72,56,30,0,143,8,36,18,1598832000
1340,0,10,37,1175,4987,124,179,136,58,185,97,5766,160,1,1876,65,34,416,442,0,0,0,0,0,0,72,56,30,0,143,8,36,18,1598918400
1341,0,10,37,1175,4987,124,179,136,58,185,97,5766,160,1,1878,65,34,417,443,0,0,0,0,0,0,72,56,30,0,143,8,36,18,1599004800
1342,0,10,37,1175,4987,124,179,136,58,185,97,5766,160,1,1874,65,34,418,443,0,0,0,0,0,0,72,56,30,0,143,8,36,18,1599091200
1343,0,10,37,1175,4987,124,179,136,58,185,97,5766,160,1,1874,65,34,418,444,0,0,0,0,0,0,72,56,30,0,143,8,36,18,1599177600
1344,0,10,37,1175,4987,124,179,136,58,185,97,5766,160,1,1874,65,34,418,444,0,0,0,0,0,0,72,56,30,0,143,8,36,18,1599264000
1345,0,10,37,1175,4987,124,179,136,58,185,97,5766,160,1,1874,65,34,418,444,0,0,0,0,0,0,72,56,30,0,143,8,36,18,1599350400
1346,0,10,37,1175,4987,124,179,136,58,185,97,5766,160,1,1875,65,34,418,444,0,0,0,0,0,0,72,56,30,0,143,8,36,18,1599436800
1347,0,10,37,1175,4987,124,179,136,58,185,97,5766,160,1,1874,65,34,419,444,0,0,0,0,0,0,72,56,30,0,143,8,36,18,1599523200
1348,0,10,37,1175,4987,124,179,136,58,185,97,5766,160,1,1874,65,34,420,444,0,0,0,0,0,0,72,55,30,0,143,8,36,18,1599609600
1349,0,10,37,1175,4987,124,179,136,58,185,97,5766,160,1,1874,65,34,420,444,0,0,0,0,0,0,72,55,30,0,143,8,36,18,1599696000
1350,0,10,37,1175,4987,124,179,136,58,185,97,5766,160,1,1874,65,34,420,444,0,0,0,0,0,0,72,55,30,0,143,8,36,18,1599782400
1351,0,10,37,1175,4987,124,179,136,58,185,97,5766,160,1,1874,65,34,420,444,0,0,0,0,0,0,72,55,30,0,143,8,36,18,1599868800
1352,0,10,37,1175,4987,124,179,136,58,185,97,5766,160,1,1872,65,34,421,444,0,0,0,0,0,0,72,55,30,0,143,8,36,18,1599955200
1353,0,10,37,1175,4987,124,179,136,58,185,97,5766,160,1,1873,65,34,421,444,0,0,0,0,0,0,72,55,30,0,143,8,36,18,1600041600
1354,0,10,37,1175,4987,124,179,136,58,185,97,5766,160,1,1873,65,34,421,444,0,0,0,0,0,0,72,55,30,0,143,8,36,18,1600128000
1355,0,10,37,1175,4987,124,179,136,58,185,97,5766,160,1,1872,65,34,421,444,0,0,0,0,0,0,72,55,30,0,143,8,36,18,1600214400
1356,0,10,37,1175,4987,124,179,136,58,185,97,5766,160,1,1873,65,34,421,444,0,0,0,0,0,0,72,55,30,0,143,8,36,18,1600300800
1357,0,10,37,1175,4987,124,179,136,58,185,97,5766,160,1,1874,65,34,421,444,0,0,0,0,0,0,72,55,30,0,143,8,36,18,1600387200
1358,0,10,37,1175,4987,124,179,136,58,185,97,5766,160,1,1871,65,34,421,444,0,0,0,0,0,0,72,55,30,0,143,8,36,18,1600473600
1359,0,10,37,1175,4987,124,179,136,58,185,97,5766,160,1,1870,65,34,421,444,0,0,0,0,0,0,72,55,30,0,143,8,36,18,1600560000
1360,0,10,37,1175,4987,124,179,136,58,185,97,5766,160,1,1874,65,34,421,444,0,0,0,0,0,0,72,55,30,0,143,8,36,18,1600646400
1361,0,10,37,1175,4987,124,179,136,58,185,97,5766,160,1,1874,65,34,424,445,0,0,0,0,0,0,72,55,30,0,143,8,36,18,1600732800
1362,0,10,37,1175,4987,124,179,136,58,185,97,5766,160,1,1873,65,34,424,445,0,0,0,0,0,0,72,55,30,0,143,8,36,18,1600819200
1363,0,10,37,1175,4987,124,179,136,58,185,97,5766,160,1,1875,65,34,424,445,0,0,0,0,0,0,72,55,30,0,143,8,36,18,1600905600
1364,0,10,37,1175,4987,124,179,136,58,185,97,5766,160,1,1874,65,34,424,445,0,0,0,0,0,0,72,55,30,0,143,8,36,18,1600992000
1365,0,10,37,1175,4987,124,179,136,58,185,97,5766,160,1,1873,65,34,424,445,0,0,0,0,0,0,72,55,30,0,143,8,36,18,1601078400
1366,0,10,37,1175,4987,124,179,136,58,185,97,5766,160,1,1874,65,34,424,445,0,0,0,0,0,0,72,55,30,0,143,8,36,18,1601164800
1367,0,10,37,1175,4987,124,179,136,58,185,97,5766,160,1,1873,65,34,424,445,0,0,0,0,0,0,72,55,30,0,143,8,36,18,1601251200
1368,0,10,37,1175,4987,124,179,136,58,185,97,5766,160,1,1871,65,34,424,445,0,0,0,0,0,0,72,55,30,0,143,8,36,18,1601337600
1369,0,10,37,1175,4987,124,179,136,58,185,97,5766,160,1,1873,65,34,424,445,0,0,0,0,0,0,72,55,30,0,143,8,36,18,1601424000
1370,0,10,37,1175,4987,124,179,136,58,185,97,5766,160,1,1874,65,34,424,445,0,0,0,0,0,0,72,55,30,0,143,8,36,18,1601510400
1371,0,10,37,1175,4987,124,179,136,58,185,97,5766,160,1,1874,65,34,424,445,0,0,0,0,0,0,72,55,30,0,143,8,36,18,1601596800
1372,0,10,37,1175,4987,124,179,136,58,185,97,5766,160,1,1872,65,34,424,445,0,0,0,0,0,0,72,55,30,0,143,8,36,18,1601683200
1373,0,10,37,1175,4987,124,179,136,58,185,97,5766,160,1,1871,65,34,424,445,0,0,0,0,0,0,72,55,30,0,143,8,36,18,1601769600
1374,0,10,37,1175,4987,124,179,136,58,185,97,5766,160,1,1872,65,34,424,445,0,0,0,0,0,0,72,55,30,0,143,8,36,18,1601856000
1375,0,10,37,1175,4988,124,179,136,58,185,97,5767,160,1,1873,65,34,423,445,0,0,0,0,0,0,72,55,30,0,143,8,36,18,1601942400
1376,0,10,37,1175,4988,124,179,136,58,185,97,5767,160,1,1872,65,34,423,445,0,0,0,0,0,0,72,55,30,0,143,8,36,18,1602028800
1377,0,10,37,1175,4988,124,179,136,58,185,97,5767,160,1,1871,65,34,423,445,0,0,0,0,0,0,72,55,30,0,143,8,36,18,1602115200
1378,0,10,37,1175,4988,124,179,136,58,185,97,5767,160,1,1871,65,34,423,445,0,0,0,0,0,0,72,55,30,0,143,8,36,18,1602201600
1379,0,10,37,1175,4988,124,179,136,58,185,97,5767,160,1,1872,65,34,423,445,0,0,0,0,0,0,72,55,30,0,143,8,36,18,1602288000
1380,0,10,37,1175,4988,124,179,136,58,185,97,5767,160,1,1872,65,34,423,445,0,0,0,0,0,0,72,55,30,0,143,8,36,18,1602374400
1381,0,10,37,1175,4988,124,179,137,58,185,97,5768,160,1,1871,65,34,423,445,0,0,0,0,0,0,72,55,30,0,143,8,36,18,1602460800
1382,0,10,37,1175,4988,124,179,137,58,185,97,5768,160,1,1871,65,34,423,445,0,0,0,0,0,0,72,55,30,0,143,8,36,18,1602547200
1383,0,10,37,1175,4988,124,179,137,58,185,97,5768,160,1,1873,65,34,423,445,0,0,0,0,0,0,72,55,30,0,143,8,36,18,1602633600
1384,0,10,37,1175,4988,124,179,137,58,185,97,5768,160,1,1873,65,34,422,445,0,0,0,0,0,0,72,55,30,0,143,8,36,18,1602720000
1385,0,10,37,1175,4988,124,179,137,58,185,97,5768,160,1,1873,65,34,422,445,0,0,0,0,0,0,72,55,30,0,143,8,36,18,1602806400
1386,0,10,37,1175,4988,124,179,137,58,185,97,5768,160,1,1874,65,34,422,445,0,0,0,0,0,0,72,55,30,0,143,8,36,18,1602892800
1387,0,10,37,1175,4988,124,179,137,58,185,97,5768,160,1,1874,65,34,422,445,0,0,0,0,0,0,72,55,30,0,143,8,36,18,1602979200
1388,0,10,37,1175,4988,124,179,137,58,185,97,5768,160,1,1875,65,34,422,445,0,0,0,0,0,0,72,55,30,0,143,8,36,18,1603065600
1389,0,10,37,1175,4988,124,179,137,58,185,97,5768,160,1,1874,65,34,422,445,0,0,0,0,0,0,72,55,30,0,143,8,36,18,1603152000
1390,0,10,37,1175,4988,124,179,137,58,185,97,5768,160,1,1873,65,34,422,445,0,0,0,0,0,0,72,55,30,0,143,8,36,18,1603238400
1391,0,10,37,1175,4988,124,179,137,58,185,97,5768,160,1,1871,65,34,422,446,0,0,0,0,0,0,72,55,30,0,143,8,36,18,1603324800
1392,0,10,37,1175,4988,124,179,137,58,185,97,5768,160,1,1868,66,34,422,449,0,0,0,0,0,0,72,55,30,0,143,8,36,18,1603411200
1393,0,10,37,1175,4988,124,179,137,58,185,97,5768,160,1,1866,66,34,422,449,0,0,0,0,0,0,72,55,30,0,143,8,36,18,1603497600
1394,0,10,37,1175,4988,124,179,137,58,185,97,5768,160,1,1865,66,34,422,449,0,0,0,0,0,0,72,55,30,0,143,8,36,18,1603584000
1395,0,10,37,1175,4988,124,179,137,58,185,97,5768,160,1,1864,66,34,422,449,0,0,0,0,0,0,72,54,30,0,143,8,36,18,1603670400
1396,0,10,37,1175,4988,124,179,137,58,185,97,5768,160,1,1859,66,34,421,448,0,0,0,0,0,0,72,54,30,0,143,8,36,18,1603756800
1397,0,10,37,1175,4988,124,179,137,58,185,97,5768,160,1,1859,66,35,421,448,0,0,0,0,0,0,72,54,30,0,143,8,36,18,1603843200
1398,0,10,37,1175,4988,124,179,137,58,185,97,5768,160,1,1857,66,35,421,448,0,0,0,0,0,0,72,54,30,0,143,8,36,18,1603929600
1399,0,10,37,1175,4988,124,179,137,58,185,97,5768,160,1,1857,66,35,421,448,0,0,0,0,0,0,72,54,30,0,143,8,36,18,1604016000
1400,0,10,37,1175,4988,124,179,137,58,185,97,5768,160,1,1855,66,35,421,448,0,0,0,0,0,0,72,54,30,0,143,8,36,18,1604102400
1401,0,10,37,1175,4988,124,179,137,58,185,97,5768,160,1,1852,66,35,421,448,0,0,0,0,0,0,72,54,30,0,143,8,36,18,1604188800
1402,0,10,37,1175,4988,124,179,137,58,185,97,5768,160,1,1855,66,35,421,448,0,0,0,0,0,0,72,54,30,0,143,8,36,18,1604275200
1403,0,10,37,1175,4988,124,179,137,58,185,97,5768,160,1,1854,66,35,421,448,0,0,0,0,0,0,72,54,30,0,143,8,36,18,1604361600
1404,0,10,37,1175,4988,124,179,137,58,185,97,5768,160,1,1853,66,35,421,448,0,0,0,0,0,0,72,54,30,0,143,8,36,18,1604448000
1405,0,10,37,1175,4988,124,179,137,58,185,97,5768,160,1,1855,66,35,421,448,0,0,0,0,0,0,72,54,30,0,143,8,36,18,1604534400
1406,0,10,37,1175,4988,124,179,137,58,185,97,5768,160,1,1853,66,35,421,448,0,0,0,0,0,0,72,54,30,0,143,8,36,18,1604620800
1407,0,10,37,1175,4988,124,179,137,58,185,97,5768,160,1,1851,66,35,421,448,0,0,0,0,0,0,72,54,30,0,143,8,36,18,1604707200
1408,0,10,37,1175,4988,124,179,137,58,185,97,5768,160,1,1851,66,35,421,448,0,0,0,0,0,0,72,54,30,0,143,8,36,18,1604793600
1409,0,10,37,1175,4988,124,179,137,58,185,97,5768,160,1,1851,66,35,421,448,0,0,0,0,0,0,72,54,30,0,143,8,36,18,1604880000
1410,0,10,37,1175,4988,124,179,137,58,185,97,5768,160,1,1852,66,35,421,448,0,0,0,0,0,0,72,54,30,0,143,8,36,18,1604966400
1411,0,10,37,1175,4988,124,179,137,58,185,97,5768,160,1,1853,66,35,421,448,0,0,0,0,0,0,72,54,30,0,143,8,36,18,1605052800
1412,0,10,37,1175,4988,124,179,137,58,185,97,5768,160,1,1852,66,35,421,448,0,0,0,0,0,0,72,54,30,0,143,8,36,18,1605139200
1413,0,10,37,1175,4988,124,179,137,58,185,97,5768,160,1,1851,66,35,421,448,0,0,0,0,0,0,72,54,30,0,143,8,36,18,1605225600
1414,0,10,37,1175,4988,124,179,137,58,185,97,5768,160,1,1848,66,35,421,448,0,0,0,0,0,0,72,54,30,0,143,8,36,18,1605312000
1415,0,10,37,1175,4988,124,179,137,58,185,97,5768,160,1,1850,66,35,421,448,0,0,0,0,0,0,72,54,30,0,143,8,36,18,1605398400
1416,0,10,37,1175,4988,124,179,137,58,185,97,5768,160,1,1850,66,35,421,448,0,0,0,0,0,0,72,54,30,0,143,8,36,18,1605484800
1417,0,10,37,1175,4988,124,179,137,58,185,97,5768,160,1,1851,66,35,421,448,0,0,0,0,0,0,72,54,30,0,143,8,36,18,1605571200
1418,0,10,37,1175,4988,124,179,137,58,185,97,5768,160,1,1848,66,35,421,448,0,0,0,0,0,0,72,54,30,0,143,8,36,18,1605657600
1419,0,10,37,1175,4988,124,179,137,58,185,97,5768,160,1,1851,66,35,421,448,0,0,0,0,0,0,72,54,30,0,143,8,36,18,1605744000
1420,0,10,37,1175,4988,124,179,137,58,185,97,5768,160,1,1850,66,35,421,448,0,0,0,0,0,0,72,54,30,0,143,8,36,18,1605830400
1421,0,10,37,1175,4988,124,179,137,58,185,97,5768,160,1,1851,66,35,421,448,0,0,0,0,0,0,72,54,30,0,143,8,36,18,1605916800
1422,0,10,37,1175,4988,124,179,137,58,185,97,5768,160,1,1848,66,35,421,448,0,0,0,0,0,0,72,54,30,0,143,8,36,18,1606003200
1423,0,10,37,1175,4988,124,179,137,58,185,97,5768,160,1,1849,65,35,421,448,0,0,0,0,0,0,72,54,30,0,143,8,36,18,1606089600
1424,0,10,37,1175,4988,124,179,137,58,185,97,5768,160,1,1846,66,35,421,448,0,0,0,0,0,0,72,54,30,0,143,8,36,18,1606176000
1425,0,10,37,1175,4988,124,179,137,58,185,97,5768,160,1,1845,66,35,421,448,0,0,0,0,0,0,72,54,30,0,143,8,36,18,1606262400
1426,0,10,37,1175,4988,124,179,137,58,185,97,5768,160,1,1845,66,35,421,448,0,0,0,0,0,0,72,54,30,0,143,8,36,18,1606348800
1427,0,10,37,1175,4988,124,179,137,58,185,97,5768,160,1,1845,66,35,421,448,0,0,0,0,0,0,72,54,30,0,143,8,36,18,1606435200
1428,0,10,36,1150,4988,124,179,137,58,185,97,5768,160,1,1845,66,35,421,448,0,0,0,0,0,0,72,54,30,0,143,8,36,18,1606521600
1429,0,10,36,1150,4988,124,179,137,58,185,97,5768,160,1,1845,66,35,421,448,0,0,0,0,0,0,72,54,30,0,143,8,36,18,1606608000
1430,0,10,36,1150,4988,124,179,137,58,185,97,5768,160,1,1843,66,35,421,448,0,0,0,0,0,0,72,54,30,0,143,8,36,18,1606694400
1431,0,10,36,1150,4988,124,179,137,58,185,97,5768,160,1,1842,66,35,421,448,0,0,0,0,0,0,72,54,30,0,143,8,36,18,1606780800
1432,0,10,36,1150,4988,124,179,137,58,185,97,5768,160,1,1843,66,35,421,448,0,0,0,0,0,0,72,54,30,0,143,8,36,18,1606867200
1433,0,10,36,1150,4988,124,179,137,58,185,97,5768,160,1,1843,66,35,421,448,0,0,0,0,0,0,72,54,30,0,143,8,36,18,1606953600
1434,0,10,36,1150,4988,124,179,137,58,185,97,5768,160,1,1843,66,35,421,448,0,0,0,0,0,0,72,54,30,0,143,8,36,18,1607040000
1435,0,10,36,1150,4989,124,179,137,58,185,97,5769,160,1,1843,66,35,421,448,0,0,0,0,0,0,72,54,30,0,143,8,36,0,1607126400
1436,0,10,36,1150,4989,124,179,138,58,185,97,5770,160,1,1843,66,35,421,448,0,0,0,0,0,0,72,54,30,0,143,8,36,18,1607212800
1437,0,10,36,1150,4989,125,179,138,58,185,97,5771,160,1,1843,66,35,421,448,0,0,0,0,0,0,72,54,30,0,143,8,36,18,1607299200
1438,0,10,36,1150,4991,125,179,138,58,185,97,5773,160,1,1843,66,35,421,448,0,0,0,0,0,0,72,54,30,0,143,8,36,18,1607385600
1439,0,10,36,1150,4991,125,179,138,58,185,97,5773,160,1,1841,66,35,421,448,0,0,0,0,0,0,72,54,30,0,143,8,36,18,1607472000
1440,0,10,36,1150,4991,125,179,138,58,185,97,5773,160,1,1840,66,35,421,448,0,0,0,0,0,0,72,54,30,0,143,8,36,18,1607558400
1441,0,10,36,1150,4991,125,179,138,58,185,97,5773,160,1,1840,66,35,421,448,0,0,0,0,0,0,72,54,30,0,143,8,36,18,1607644800
1442,0,10,36,1150,4991,125,179,138,58,185,97,5773,160,1,1841,66,35,421,448,0,0,0,0,0,0,72,54,30,0,143,8,36,18,1607731200
1443,0,10,36,1150,4991,125,179,138,58,185,97,5773,160,1,1841,66,36,421,448,0,0,0,0,0,0,72,54,30,0,143,8,36,18,1607817600
1444,0,10,36,1150,4992,125,179,138,58,185,97,5774,160,1,1842,66,36,421,448,0,0,0,0,0,0,72,54,30,0,143,8,36,18,1607904000
1445,0,10,36,1150,4992,125,179,138,58,185,97,5774,160,1,1842,66,36,421,448,0,0,0,0,0,0,72,54,30,0,143,8,36,18,1607990400
1446,0,10,36,1150,4992,125,179,138,58,185,97,5774,160,1,1842,66,36,421,448,0,0,0,0,0,0,72,54,30,0,143,8,36,18,1608076800
1447,0,10,36,1150,4992,125,179,138,58,185,97,5774,160,1,1841,66,36,421,448,0,0,0,0,0,0,72,54,30,0,143,8,36,18,1608163200
1448,0,10,36,1150,4992,125,179,138,58,185,97,5774,160,1,1841,66,36,421,448,0,0,0,0,0,0,72,54,30,0,143,8,36,18,1608249600
1449,0,10,36,1150,4992,125,179,138,58,185,97,5774,160,1,1841,66,36,421,448,0,0,0,0,0,0,72,54,30,0,143,8,36,18,1608336000
1450,0,10,36,1150,4992,125,179,138,58,185,97,5774,160,1,1841,66,36,421,448,0,0,0,0,0,0,72,54,30,0,143,8,36,18,1608422400
1451,0,10,36,1150,4993,125,179,138,58,185,97,5775,160,1,1842,67,36,419,449,0,0,0,0,0,0,72,54,30,0,143,8,36,18,1608508800
1452,0,10,36,1150,4993,125,179,138,58,185,97,5775,160,1,1844,67,36,419,449,0,0,0,0,0,0,72,54,30,0,143,8,36,18,1608595200
1453,0,10,36,1150,4993,125,179,138,58,185,97,5775,160,1,1845,67,36,419,449,0,0,0,0,0,0,72,54,30,0,143,8,36,18,1608681600
1454,0,10,36,1150,4993,125,179,138,58,185,97,5775,160,1,1842,67,36,419,450,0,0,0,0,0,0,72,54,30,0,143,8,36,18,1608768000
1455,0,10,36,1150,4993,125,179,138,58,185,97,5775,160,1,1841,67,36,419,450,0,0,0,0,0,0,72,54,30,0,143,8,36,18,1608854400
1456,0,10,36,1150,4993,125,179,138,58,185,97,5775,160,1,1844,67,36,419,450,0,0,0,0,0,0,72,54,30,0,143,8,36,18,1608940800
1457,0,10,36,1150,4993,125,179,138,58,185,97,5775,160,1,1844,67,36,419,450,0,0,0,0,0,0,72,54,30,0,143,8,36,18,1609027200
1458,0,10,36,1150,4993,125,179,138,58,185,97,5775,160,1,1843,67,36,426,451,0,0,0,0,0,0,72,54,30,0,143,8,36,18,1609113600
1459,0,10,36,1150,4993,125,179,138,58,185,97,5775,160,1,1846,67,36,426,451,0,0,0,0,0,0,72,54,30,0,143,8,36,18,1609200000
1460,0,10,36,1150,4994,125,179,138,58,185,97,5776,160,1,1845,67,36,426,451,0,0,0,0,0,0,72,54,30,0,143,8,36,18,1609286400
1461,0,10,36,1150,4994,125,179,138,58,185,97,5776,160,1,1845,67,36,426,451,0,0,0,0,0,0,71,54,30,0,143,8,36,18,1609372800
1462,0,10,36,1150,4994,125,179,138,58,185,97,5776,160,1,1846,67,36,426,452,0,0,0,0,0,0,71,54,30,0,143,8,36,18,1609459200
1463,0,10,36,1150,4994,125,179,138,58,185,97,5776,160,1,1848,67,36,426,453,0,0,0,0,0,0,71,54,30,0,143,8,36,18,1609545600
1464,0,10,36,1150,4995,125,179,138,58,185,97,5777,160,1,1849,67,36,430,453,0,0,0,0,0,0,71,54,30,0,143,8,36,18,1609632000
1465,0,10,36,1150,4995,125,179,138,58,185,97,5777,160,1,1850,67,36,430,453,0,0,0,0,0,0,71,54,30,0,143,8,36,18,1609718400
1466,0,10,36,1150,4996,125,179,138,58,185,97,5778,160,1,1848,67,36,430,453,0,0,0,0,0,0,71,54,30,0,143,8,36,18,1609804800
1467,0,10,36,1150,4996,125,179,138,58,185,97,5778,160,1,1841,67,36,430,453,0,0,0,0,0,0,71,54,30,0,143,8,36,18,1609891200
1468,0,10,36,1150,4997,125,179,139,58,185,97,5780,160,1,1844,67,36,430,453,0,0,0,0,0,0,71,54,30,0,143,8,36,18,1609977600
1469,0,10,36,1150,4997,125,179,139,58,185,97,5780,160,1,1844,67,36,430,453,0,0,0,0,0,0,71,54,30,0,143,8,36,18,1610064000
1470,0,10,36,1150,4997,125,179,139,58,185,97,5780,160,1,1845,67,37,430,453,0,0,0,0,0,0,71,54,30,0,143,8,36,18,1610150400
1471,0,10,36,1150,5002,125,179,139,58,185,97,5785,160,1,1848,67,37,432,453,0,0,0,0,0,0,71,54,30,0,143,8,36,18,1610236800
1472,0,10,36,1150,5002,125,179,139,58,185,97,5785,160,1,1845,67,37,432,453,0,0,0,0,0,0,71,54,30,0,143,8,36,18,1610323200
1473,0,10,36,1150,5002,125,179,139,58,185,97,5785,160,1,1844,67,37,432,453,0,0,0,0,0,0,71,54,30,0,143,8,36,18,1610409600
1474,0,10,36,1150,5002,125,179,139,58,185,97,5785,160,1,1843,67,37,432,453,0,0,0,0,0,0,71,54,30,0,143,8,36,18,1610496000
1475,0,10,36,1150,5002,125,179,139,58,185,97,5785,160,1,1839,67,37,432,453,0,0,0,0,0,0,71,54,30,0,143,8,36,18,1610582400
1476,0,10,36,1150,5003,125,179,139,58,185,97,5786,160,1,1840,67,38,432,453,0,0,0,0,0,0,71,54,30,0,143,8,36,18,1610668800
1477,0,10,37,1175,5003,125,179,139,58,185,97,5786,160,1,1839,67,38,432,453,0,0,0,0,0,0,71,54,30,0,143,8,36,18,1610755200
1478,0,10,37,1175,5003,125,179,139,58,185,97,5786,160,1,1841,67,38,433,453,0,0,0,0,0,0,71,54,30,0,143,8,36,18,1610841600
1479,0,10,37,1175,5003,125,179,139,58,185,97,5786,160,1,1842,67,37,433,453,0,0,0,0,0,0,71,54,30,0,143,8,36,18,1610928000
1480,0,10,37,1175,5005,125,179,139,58,185,97,5788,160,1,1842,67,37,433,453,0,0,0,0,0,0,71,54,30,0,143,8,36,18,1611014400
1481,0,10,37,1175,5005,125,179,139,58,185,97,5788,160,1,1842,69,0,433,453,0,0,0,0,0,0,71,55,31,0,143,8,36,18,1611100800
1482,0,10,37,1175,5005,125,179,139,58,185,97,5788,160,1,1842,69,37,433,453,0,0,0,0,0,0,71,55,31,0,143,8,36,18,1611187200
1483,0,10,37,1175,5005,125,179,139,58,185,98,5789,160,1,1845,69,37,433,453,0,0,0,0,0,0,71,55,31,0,143,8,36,18,1611273600
1484,0,10,37,1175,5005,125,179,139,58,185,98,5789,160,1,1845,69,37,433,453,0,0,0,0,0,0,71,55,31,0,143,8,36,18,1611360000
1485,0,10,36,1150,5005,125,179,139,58,185,98,5789,160,1,1844,69,37,433,453,0,0,0,0,0,0,71,56,31,0,143,8,36,18,1611446400
1486,0,10,36,1150,5005,125,179,139,58,185,98,5789,160,1,1846,69,37,433,453,0,0,0,0,0,0,71,56,31,0,143,8,36,18,1611532800
1487,0,10,36,1150,5005,125,179,139,58,185,98,5789,160,1,1847,69,37,433,453,0,0,0,0,0,0,71,56,31,0,143,8,36,18,1611619200
1488,0,10,36,1150,5005,125,179,139,58,185,98,5789,160,1,1844,69,37,433,454,0,0,0,0,0,0,71,56,31,0,143,8,36,18,1611705600
1489,0,10,36,1150,5005,125,179,139,58,185,98,5789,160,1,1846,69,37,433,454,0,0,0,0,0,0,71,56,31,0,143,8,36,18,1611792000
1490,0,10,36,1150,5005,125,179,139,58,185,98,5789,160,1,1846,69,37,439,455,0,0,0,0,0,0,71,56,31,0,143,8,36,18,1611878400
1491,0,10,36,1150,5008,125,179,139,58,185,98,5792,160,1,1847,69,37,439,455,0,0,0,0,0,0,71,56,31,0,143,8,36,18,1611964800
1492,0,10,36,1150,5008,125,179,139,58,185,98,5792,160,1,1844,69,37,442,455,0,0,0,0,0,0,72,56,31,0,143,8,36,0,1612051200
1493,0,10,36,1150,5009,125,179,139,58,185,98,5793,160,1,1846,69,37,442,455,0,0,0,0,0,0,72,56,31,0,143,8,36,18,1612137600
1494,0,10,36,1150,5009,125,179,139,58,185,98,5793,160,1,1849,69,37,444,455,0,0,0,0,0,0,72,56,30,0,143,8,36,18,1612224000
1495,0,10,36,1150,5009,125,179,139,58,185,98,5793,160,1,1851,69,37,444,455,0,0,0,0,0,0,72,56,30,0,143,8,36,18,1612310400
1496,0,10,36,1150,5009,125,179,139,58,185,98,5793,160,1,1850,69,37,444,456,0,0,0,0,0,0,72,56,30,0,143,8,36,18,1612396800
1497,0,10,36,1150,5009,125,179,139,58,185,98,5793,160,1,1851,69,37,445,456,0,0,0,0,0,0,72,56,30,0,143,8,36,18,1612483200
1498,0,10,36,1150,5009,125,179,139,58,185,98,5793,160,1,1850,69,37,445,456,0,0,0,0,0,0,72,56,30,0,143,8,36,18,1612569600
1499,0,10,36,1150,5009,125,179,139,58,185,98,5793,160,1,1849,69,37,445,456,0,0,0,0,0,0,72,56,30,0,143,8,36,18,1612656000
1500,0,10,36,1150,5009,125,179,139,58,185,98,5793,160,1,1851,69,37,445,456,0,0,0,0,0,0,72,56,30,0,143,8,36,19,1612742400
1501,0,10,36,1150,5009,125,179,139,58,185,98,5793,160,1,1854,69,37,445,456,0,0,0,0,0,0,72,56,30,0,143,8,36,19,1612828800
1502,0,10,36,1150,5009,125,179,139,58,185,98,5793,160,1,1858,69,37,445,456,0,0,0,0,0,0,72,56,30,0,143,8,36,19,1612915200
1503,0,10,36,1150,5009,125,179,139,58,185,98,5793,160,1,1863,69,37,445,456,0,0,0,0,0,0,72,56,30,0,143,8,36,19,1613001600
1504,0,10,36,1150,5009,125,179,139,58,185,98,5793,160,1,1864,70,37,447,457,0,0,0,0,0,0,72,56,30,0,143,8,36,19,1613088000
1505,0,10,36,1150,5009,125,179,139,58,185,98,5793,160,1,1864,70,37,447,457,0,0,0,0,0,0,72,56,30,0,143,8,36,19,1613174400
1506,0,10,36,1150,5010,125,179,139,58,185,98,5794,160,1,1870,70,37,448,457,0,0,0,0,0,0,72,56,30,0,143,8,36,19,1613260800
1507,0,10,36,1150,5012,125,179,139,59,185,98,5797,160,1,1870,70,37,448,457,0,0,0,0,0,0,72,56,30,0,143,8,36,19,1613347200
1508,0,10,36,1150,5012,125,179,139,59,185,98,5797,160,1,1868,70,37,449,457,0,0,0,0,0,0,72,56,30,0,143,8,36,19,1613433600
1509,0,10,36,1150,5013,125,179,139,59,185,98,5798,160,1,1867,70,37,449,457,0,0,0,0,0,0,72,56,30,0,143,8,36,19,1613520000
1510,0,10,36,1150,5013,125,179,139,59,185,98,5798,160,1,1868,70,37,449,457,0,0,0,0,0,0,72,56,30,0,143,8,36,19,1613606400
1511,0,10,36,1150,5014,125,179,139,59,185,98,5799,160,1,1867,70,36,449,457,0,0,0,0,0,0,72,56,30,0,143,8,36,19,1613692800
1512,0,10,36,1150,5014,125,179,139,59,185,98,5799,160,1,1867,70,36,449,457,0,0,0,0,0,0,72,56,30,0,143,8,36,19,1613779200
1513,0,10,36,1150,5014,125,179,139,59,185,98,5799,160,1,1868,70,36,449,457,0,0,0,0,0,0,72,56,30,0,143,8,36,19,1613865600
1514,0,10,36,1150,5014,125,179,139,59,185,98,5799,160,1,1867,71,35,453,457,0,0,0,0,0,0,72,56,30,0,143,8,36,19,1613952000
1515,0,10,36,1150,5014,125,179,139,59,185,98,5799,160,1,1868,71,35,453,457,0,0,0,0,0,0,72,56,30,0,143,8,36,19,1614038400
1516,0,10,36,1150,5014,125,179,139,59,185,98,5799,160,1,1866,71,35,453,458,0,0,0,0,0,0,73,56,30,0,143,8,36,19,1614124800
1517,0,10,36,1150,5014,125,179,139,59,185,98,5799,160,1,1866,71,35,453,458,0,0,0,0,0,0,73,56,30,0,143,8,36,19,1614211200
1518,0,10,36,1150,5015,125,179,139,59,185,98,5800,160,1,1867,71,35,453,458,0,0,0,0,0,0,73,56,30,0,143,8,36,19,1614297600
1519,0,10,36,1150,5015,125,179,139,59,185,98,5800,160,1,1867,71,35,453,458,0,0,0,0,0,0,73,56,30,0,143,8,36,19,1614384000
1520,0,10,36,1150,5016,125,179,139,59,185,98,5801,160,1,1866,71,0,453,458,0,0,0,0,0,0,73,56,30,0,143,8,36,19,1614470400
1521,0,10,36,1150,5016,125,179,139,59,185,98,5801,160,1,1867,71,35,453,458,0,0,0,0,0,0,73,56,30,0,143,8,36,19,1614556800
1522,0,10,36,1150,5016,125,179,139,59,185,98,5801,160,1,1867,71,35,453,458,0,0,0,0,0,0,73,56,30,0,143,8,36,19,1614643200
1523,0,10,36,1150,5016,125,179,139,59,185,98,5801,160,1,1867,71,35,453,458,0,0,0,0,0,0,73,56,30,0,143,8,36,19,1614729600
1524,0,10,36,1150,5016,125,179,139,59,185,98,5801,160,1,1869,71,35,453,458,0,0,0,0,0,0,73,56,30,0,143,8,36,19,1614816000
1525,0,10,36,1150,5016,125,179,140,59,185,98,5802,160,1,1869,71,35,453,458,0,0,0,0,0,0,73,56,30,0,143,8,36,19,1614902400
1526,0,10,36,1150,5017,125,179,140,59,185,98,5803,160,1,1865,71,35,453,458,0,0,0,0,0,0,73,56,30,0,143,8,36,19,1614988800
1527,0,10,36,1150,5017,125,179,140,59,185,98,5803,160,1,1866,71,35,453,458,0,0,0,0,0,0,73,56,30,0,143,8,36,19,1615075200
1528,0,10,36,1150,5017,125,179,140,59,185,98,5803,160,1,1867,71,35,453,458,0,0,0,0,0,0,73,56,30,0,143,8,36,19,1615161600
1529,0,10,36,1150,5017,125,179,140,59,185,98,5803,160,1,1868,71,35,453,458,0,0,0,0,0,0,73,56,30,0,143,8,36,19,1615248000
1530,0,10,36,1150,5017,125,179,140,59,185,98,5803,160,1,1870,71,35,453,458,0,0,0,0,0,0,73,56,30,0,143,8,36,19,1615334400
1531,0,10,36,1150,5017,125,179,140,59,185,98,5803,160,1,1870,71,35,453,458,0,0,0,0,0,0,73,56,30,0,143,8,36,19,1615420800
1532,0,10,36,1150,5017,125,179,140,59,185,98,5803,160,1,1871,71,35,452,458,0,0,0,0,0,0,73,56,30,0,143,8,36,19,1615507200
1533,0,10,36,1150,5018,125,179,140,59,185,98,5804,160,1,1874,71,35,452,458,0,0,0,0,0,0,73,56,30,0,143,8,36,19,1615593600
1534,0,10,36,1150,5018,125,179,140,59,185,98,5804,160,1,1873,71,35,452,458,0,0,0,0,0,0,73,56,30,0,143,8,36,19,1615680000
1535,0,10,36,1150,5018,125,179,140,59,185,98,5804,160,1,1871,71,35,452,458,0,0,0,0,0,0,73,56,30,0,143,8,36,19,1615766400
1536,0,10,36,1150,5018,125,179,140,59,185,98,5804,160,1,1871,71,35,452,459,0,0,0,0,0,0,73,56,30,0,143,8,36,19,1615852800
1537,0,10,36,1150,5018,125,179,140,59,185,98,5804,160,1,1869,71,35,464,459,0,0,0,0,0,0,73,56,30,0,143,8,36,19,1615939200
1538,0,10,36,1150,5019,125,179,140,59,185,98,5805,160,1,1868,71,35,464,459,0,0,0,0,0,0,73,56,30,0,143,8,36,19,1616025600
1539,0,10,36,1150,5019,125,179,140,59,185,98,5805,160,1,1867,71,35,464,459,0,0,0,0,0,0,73,56,30,0,143,8,36,19,1616112000
1540,0,10,36,1150,5021,125,179,140,59,185,98,5807,160,1,1868,71,35,464,459,0,0,0,0,0,0,73,56,30,0,143,8,36,19,1616198400
1541,0,10,36,1150,5022,125,179,140,59,185,98,5808,160,1,1870,71,35,464,459,0,0,0,0,0,0,73,56,30,0,143,8,36,19,1616284800
1542,0,10,36,1150,5022,125,179,140,59,185,98,5808,160,1,1875,71,35,464,459,0,0,0,0,0,0,74,56,30,0,143,8,36,19,1616371200
1543,0,10,36,1150,5023,125,179,140,59,185,98,5809,160,1,1876,71,35,464,459,0,0,0,0,0,0,74,56,30,0,143,8,36,19,1616457600
1544,0,10,36,1150,5023,125,179,140,59,185,98,5809,160,1,1877,71,35,464,459,0,0,0,0,0,0,74,56,30,0,143,8,36,19,1616544000
1545,0,10,36,1150,5023,125,179,140,59,185,98,5809,160,1,1878,71,35,464,459,0,0,0,0,0,0,74,56,30,0,143,8,36,19,1616630400
1546,0,10,36,1150,5023,125,179,140,59,185,98,5809,160,1,1877,71,35,464,459,0,0,0,0,0,0,73,56,30,0,143,8,36,19,1616716800
1547,0,10,36,1150,5023,125,179,140,59,185,98,5809,160,1,1875,71,35,463,459,0,0,0,0,0,0,73,56,30,0,143,8,36,19,1616803200
1548,0,10,36,1150,5023,125,179,140,59,185,98,5809,160,1,1875,71,35,462,459,0,0,0,0,0,0,73,56,30,0,143,8,36,19,1616889600
1549,0,10,36,1150,5023,125,179,140,59,185,98,5809,160,1,1866,71,36,462,459,0,0,0,0,0,0,74,56,30,0,143,8,36,19,1616976000
1550,0,10,36,1150,5024,125,179,140,59,185,98,5810,160,1,1859,71,36,462,459,0,0,0,0,0,0,74,56,30,0,143,8,36,19,1617062400
1551,0,10,36,1150,5024,125,179,140,59,185,98,5810,160,1,1858,71,35,462,459,0,0,0,0,0,0,74,56,30,0,143,8,36,19,1617148800
1552,0,10,36,1150,5025,125,179,140,59,185,98,5811,160,1,1856,71,35,461,459,0,0,0,0,0,0,74,56,30,0,143,8,36,19,1617235200
1553,0,10,36,1150,5026,125,179,140,59,185,98,5812,160,1,1856,71,35,450,459,0,0,0,0,0,0,74,56,30,0,143,8,36,19,1617321600
1554,0,10,36,1150,5026,125,179,140,59,185,98,5812,160,1,1857,71,35,450,459,0,0,0,0,0,0,74,56,30,0,143,8,36,19,1617408000
1555,0,10,36,1150,5026,125,179,140,59,185,98,5812,160,1,1855,71,35,450,460,0,0,0,0,0,0,74,56,30,0,143,8,36,19,1617494400
1556,0,10,36,1150,5028,125,179,140,59,185,98,5814,160,1,1854,71,35,450,461,0,0,0,0,0,0,74,56,30,0,143,8,36,19,1617580800
1557,0,10,36,1150,5028,125,179,140,59,185,98,5814,160,1,1853,71,35,450,461,0,0,0,0,0,0,74,56,30,0,143,8,36,19,1617667200
1558,0,10,36,1150,5028,125,179,140,59,185,98,5814,160,1,1850,71,35,450,461,0,0,0,0,0,0,74,56,30,0,143,8,36,19,1617753600
1559,0,10,36,1150,5028,125,179,140,59,185,98,5814,160,1,1851,71,35,450,461,0,0,0,0,0,0,74,56,30,0,143,8,36,19,1617840000
1560,0,10,36,1150,5028,125,179,140,59,185,98,5814,160,1,1851,71,35,450,461,0,0,0,0,0,0,74,56,30,0,143,8,36,19,1617926400
1561,0,10,36,1150,5028,125,179,140,59,185,98,5814,160,1,1853,71,35,450,461,0,0,0,0,0,0,74,56,30,0,143,8,36,19,1618012800
1562,0,10,36,1150,5032,125,180,140,60,185,98,5820,160,1,1850,71,35,450,461,0,0,0,0,0,0,74,56,30,0,143,8,36,19,1618099200
1563,0,10,36,1150,5032,125,180,140,61,185,98,5821,160,1,1852,71,35,450,461,0,0,0,0,0,0,74,56,30,0,143,8,36,19,1618185600
1564,0,10,36,1150,5035,125,180,140,62,185,98,5825,160,1,1856,71,35,450,462,0,0,0,0,0,0,74,56,30,0,143,8,36,19,1618272000
1565,0,10,36,1150,5040,125,181,143,62,186,98,5835,160,1,1861,72,35,450,462,0,0,0,0,0,0,74,56,30,0,143,8,36,19,1618358400
1566,0,10,36,1150,5041,126,181,143,62,186,98,5837,160,1,1862,72,35,450,462,0,0,0,0,0,0,74,56,30,0,143,8,36,19,1618444800
1567,0,10,36,1150,5041,126,181,143,62,186,98,5837,160,1,1866,72,35,451,463,0,0,0,0,0,0,74,56,30,0,143,8,36,19,1618531200
1568,0,10,36,1150,5042,126,181,143,62,186,98,5838,160,1,1866,72,35,451,463,0,0,0,0,0,0,74,56,30,0,143,8,36,19,1618617600
1569,0,10,36,1150,5046,127,182,145,62,186,99,5847,160,1,1871,72,34,451,463,0,0,0,0,0,0,74,56,30,0,143,8,36,19,1618704000
1570,0,10,36,1150,5046,127,182,145,62,186,99,5847,160,1,1874,72,34,451,463,0,0,0,0,0,0,74,56,30,0,143,8,36,19,1618790400
1571,0,10,36,1150,5047,127,183,146,62,186,99,5850,160,1,1872,72,34,451,463,0,0,0,0,0,0,74,57,30,0,143,8,36,19,1618876800
1572,0,10,36,1150,5049,127,183,149,63,186,99,5856,160,1,1873,72,34,451,463,0,0,0,0,0,0,74,57,30,0,143,8,36,19,1618963200
1573,0,10,36,1150,5049,127,183,149,63,186,99,5856,160,1,1875,72,34,451,463,0,0,0,0,0,0,74,57,30,0,143,8,36,19,1619049600
1574,0,10,36,1150,5050,127,183,149,63,186,99,5857,160,1,1887,72,34,454,463,0,0,0,0,0,0,74,57,30,0,143,8,36,19,1619136000
1575,0,10,36,1150,5050,127,183,149,63,186,99,5857,160,1,1896,74,34,469,462,0,0,0,0,0,0,74,57,30,0,143,8,36,19,1619222400
1576,0,10,36,1150,5050,127,183,149,63,186,99,5857,160,1,1900,74,34,471,462,0,0,0,0,0,0,74,57,30,0,143,8,36,19,1619308800
1577,0,10,36,1150,5050,127,183,149,63,186,99,5857,160,1,1898,74,34,474,462,0,0,0,0,0,0,74,57,30,0,143,8,36,19,1619395200
1578,0,10,36,1150,5050,127,183,149,63,186,99,5857,160,1,1897,74,34,474,462,0,0,0,0,0,0,74,57,30,0,143,8,36,19,1619481600
1579,0,10,36,1150,5052,127,183,149,63,186,99,5859,160,1,1899,74,34,474,462,0,0,0,0,0,0,74,57,30,0,143,8,36,19,1619568000
1580,0,10,36,1150,5052,127,183,149,63,186,99,5859,160,1,1902,74,34,474,462,0,0,0,0,0,0,74,57,30,0,143,8,36,19,1619654400
1581,0,10,36,1150,5054,127,183,149,63,186,99,5861,160,1,1908,74,34,471,462,0,0,0,0,0,0,74,57,30,0,143,8,36,19,1619740800
1582,0,10,36,1150,5054,127,183,149,63,186,99,5861,160,1,1909,74,34,471,462,0,0,0,0,0,0,74,57,30,0,143,8,36,19,1619827200
1583,0,10,36,1150,5054,127,183,149,63,186,99,5861,160,1,1912,74,34,471,462,0,0,0,0,0,0,74,57,30,0,143,8,36,19,1619913600
1584,0,10,36,1150,5054,127,183,149,63,186,99,5861,160,1,1915,74,34,471,462,0,0,0,0,0,0,74,57,30,0,143,8,36,19,1620000000
1585,0,10,37,1175,5058,127,188,149,64,186,99,5871,160,1,1916,74,34,471,462,0,0,0,0,0,0,73,57,30,0,143,8,36,19,1620086400
1586,0,10,37,1175,5058,127,188,149,64,186,99,5871,160,1,1919,74,34,471,462,0,0,0,0,0,0,73,57,30,0,143,8,36,19,1620172800
1587,0,10,37,1175,5058,127,188,149,64,186,99,5871,160,1,1921,74,34,471,462,0,0,0,0,0,0,73,57,30,0,143,8,36,19,1620259200
1588,0,10,37,1175,5058,127,188,149,64,186,99,5871,160,1,1921,74,34,476,463,0,0,0,0,0,0,73,57,30,0,143,8,36,19,1620345600
1589,0,10,37,1175,5059,127,188,149,64,186,99,5872,160,1,1924,74,33,476,463,0,0,0,0,0,0,73,57,30,0,143,8,36,19,1620432000
1590,0,10,37,1175,5062,127,188,149,64,186,99,5875,160,1,1928,74,34,476,462,0,0,0,0,0,0,73,57,30,0,143,8,36,19,1620518400
1591,0,10,37,1175,5062,127,188,149,64,186,99,5875,160,1,1929,74,34,476,462,0,0,0,0,0,0,73,56,30,0,143,8,36,19,1620604800
1592,0,10,37,1175,5063,127,189,149,64,186,99,5877,160,1,1932,74,34,477,462,0,0,0,0,0,0,73,56,30,0,143,8,36,19,1620691200
1593,0,10,37,1175,5064,127,189,149,64,186,99,5878,160,1,1935,74,34,477,462,0,0,0,0,0,0,73,56,30,0,143,8,36,19,1620777600
1594,0,10,37,1175,5064,127,189,149,64,186,99,5878,160,1,1936,74,34,477,462,0,0,0,0,0,0,73,56,30,0,143,8,36,19,1620864000
1595,0,10,37,1175,5064,127,189,149,64,186,99,5878,160,1,1943,74,34,478,463,0,0,0,0,0,0,73,56,31,0,143,8,36,19,1620950400
1596,0,10,37,1175,5064,127,189,149,64,186,99,5878,160,1,1943,74,34,482,464,0,0,0,0,0,0,73,56,31,0,143,8,36,19,1621036800
1597,0,10,37,1175,5066,127,189,149,64,186,99,5880,160,1,1956,74,35,484,465,0,0,0,0,0,0,73,56,31,0,143,8,36,19,1621123200
1598,0,10,37,1175,5066,127,189,149,64,186,99,5880,160,1,1957,74,35,484,465,0,0,0,0,0,0,73,56,31,0,143,8,36,19,1621209600
1599,0,10,37,1175,5066,127,189,149,64,186,99,5880,160,1,1960,74,35,484,465,0,0,0,0,0,0,73,56,31,0,143,8,36,19,1621296000
1600,0,10,37,1175,5066,127,189,149,64,186,99,5880,160,1,1961,74,35,484,465,0,0,0,0,0,0,73,56,31,0,143,8,36,19,1621382400
1601,0,10,37,1175,5066,127,189,149,64,186,99,5880,160,1,1962,74,35,485,465,0,0,0,0,0,0,73,56,31,0,143,8,36,19,1621468800
1602,0,10,37,1175,5066,127,189,149,64,186,99,5880,160,1,1968,74,35,485,465,0,0,0,0,0,0,73,56,31,0,143,8,36,19,1621555200
1603,0,10,37,1175,5066,127,189,149,64,186,99,5880,160,1,1972,74,35,485,465,0,0,0,0,0,0,73,56,31,0,143,8,36,19,1621641600
1604,0,10,37,1175,5066,127,189,149,64,186,99,5880,160,1,1975,74,35,485,465,0,0,0,0,0,0,73,56,31,0,143,8,36,19,1621728000
1605,0,10,37,1175,5066,127,189,149,64,186,99,5880,160,1,1978,74,35,485,465,0,0,0,0,0,0,73,56,31,0,143,8,36,19,1621814400
1606,0,10,37,1175,5066,127,189,149,64,186,99,5880,160,1,1979,74,35,485,465,0,0,0,0,0,0,73,56,31,0,143,8,36,19,1621900800
1607,0,10,37,1175,5066,127,189,149,64,186,99,5880,160,1,1979,74,35,486,466,0,0,0,0,0,0,73,56,31,0,143,8,36,19,1621987200
1608,0,10,37,1175,5067,127,189,149,64,186,99,5881,160,1,1981,74,35,486,466,0,0,0,0,0,0,73,56,31,0,143,8,36,19,1622073600
1609,0,10,37,1175,5068,127,189,149,64,186,99,5882,160,1,1981,74,35,486,466,0,0,0,0,0,0,73,56,31,0,143,8,36,19,1622160000
1610,0,10,37,1175,5068,127,189,149,64,186,99,5882,160,1,1981,74,35,486,466,0,0,0,0,0,0,73,56,31,0,143,8,36,19,1622246400
1611,0,10,37,1175,5068,127,189,149,64,186,99,5882,160,1,1981,74,35,486,466,0,0,0,0,0,0,73,56,31,0,143,8,36,19,1622332800
1612,0,10,37,1175,5068,127,189,149,64,186,99,5882,160,1,1987,74,35,486,466,0,0,0,0,0,0,73,56,31,0,143,8,36,19,1622419200
1613,0,10,37,1175,5068,127,189,149,64,186,99,5882,160,1,1987,74,35,486,466,0,0,0,0,0,0,73,56,31,0,143,8,36,19,1622505600
1614,0,10,37,1175,5068,127,189,149,64,186,99,5882,160,1,1988,74,35,486,466,0,0,0,0,0,0,73,56,31,0,143,8,36,19,1622592000
1615,0,10,37,1175,5068,127,189,149,64,186,99,5882,160,1,1990,74,35,486,466,0,0,0,0,0,0,73,56,31,0,143,8,36,19,1622678400
1616,0,10,37,1175,5068,127,189,149,64,186,99,5882,160,1,1992,74,35,486,466,0,0,0,0,0,0,73,56,31,0,143,8,36,19,1622764800
1617,0,10,37,1175,5069,127,189,150,64,186,99,5884,160,1,1991,74,35,483,464,0,0,0,0,0,0,73,56,31,0,143,8,36,19,1622851200
1618,0,10,37,1175,5069,127,189,150,64,186,99,5884,160,1,1993,74,35,483,464,0,0,0,0,0,0,73,56,31,0,143,8,36,19,1622937600
1619,0,10,37,1175,5069,127,189,150,64,186,99,5884,160,1,1992,74,35,483,464,0,0,0,0,0,0,73,56,32,0,143,8,36,19,1623024000
1620,0,10,37,1175,5069,127,189,150,64,186,99,5884,160,1,1992,74,35,483,464,0,0,0,0,0,0,73,56,32,0,143,8,36,19,1623110400
1621,0,10,37,1175,5069,127,189,150,64,186,99,5884,160,1,1993,74,35,483,464,0,0,0,0,0,0,73,56,32,0,143,8,36,19,1623196800
1622,0,10,37,1175,5070,127,189,150,64,186,99,5885,160,1,1997,74,35,483,464,0,0,0,0,0,0,73,56,32,0,143,8,36,19,1623283200
1623,0,10,37,1175,5071,127,189,150,64,186,99,5886,160,1,1996,74,34,483,464,0,0,0,0,0,0,73,56,32,0,143,8,36,19,1623369600
1624,0,10,37,1175,5071,127,189,150,64,186,99,5886,160,1,1998,74,34,483,464,0,0,0,0,0,0,73,56,32,0,143,8,36,19,1623456000
1625,0,10,37,1175,5071,127,189,150,64,186,99,5886,160,1,2001,74,34,483,464,0,0,0,0,0,0,73,56,32,0,143,8,36,19,1623542400
1626,0,10,37,1175,5071,127,189,150,64,186,99,5886,160,1,2002,74,35,483,464,0,0,0,0,0,0,73,56,32,0,143,8,36,19,1623628800
1627,0,10,37,1175,5071,127,189,150,64,186,99,5886,160,1,2000,74,35,483,464,0,0,0,0,0,0,73,56,32,0,143,8,36,19,1623715200
1628,0,10,37,1175,5071,127,189,150,64,186,99,5886,160,1,2001,74,35,483,464,0,0,0,0,0,0,73,56,32,0,143,8,36,19,1623801600
1629,0,10,37,1175,5071,127,189,150,64,186,99,5886,160,1,2000,74,35,483,464,0,0,0,0,0,0,73,56,32,0,143,8,36,19,1623888000
1630,0,10,37,1175,5071,127,189,150,64,186,99,5886,160,1,2000,74,35,483,464,0,0,0,0,0,0,73,56,32,0,143,8,36,19,1623974400
1631,0,10,37,1175,5071,127,189,150,64,186,99,5886,160,1,2000,74,35,483,464,0,0,0,0,0,0,73,56,32,0,143,8,36,19,1624060800
1632,0,10,37,1175,5071,127,189,150,64,186,99,5886,160,1,2002,74,35,483,464,0,0,0,0,0,0,73,56,32,0,143,8,36,19,1624147200
1633,0,10,37,1175,5071,127,189,150,64,186,99,5886,160,1,2008,74,35,483,464,0,0,0,0,0,0,73,56,32,0,143,8,36,19,1624233600
1634,0,10,37,1175,5071,127,189,150,64,186,100,5887,160,1,2013,74,35,482,464,0,0,0,0,0,0,73,56,32,0,143,8,36,19,1624320000
1635,0,10,37,1175,5071,127,189,150,64,186,100,5887,160,1,2013,74,0,482,465,0,0,0,0,0,0,73,56,32,0,143,8,36,19,1624406400
1636,0,10,37,1175,5071,127,189,150,64,186,100,5887,160,1,2012,74,35,483,465,0,0,0,0,0,0,72,56,32,0,143,8,36,19,1624492800
1637,0,10,37,1175,5071,127,189,150,64,186,100,5887,160,1,2013,74,35,483,465,0,0,0,0,0,0,72,56,32,0,143,8,36,19,1624579200
1638,0,10,37,1175,5071,127,189,150,64,186,100,5887,160,1,2013,74,35,484,465,0,0,0,0,0,0,72,56,32,0,143,8,36,19,1624665600
1639,0,10,37,1175,5071,127,189,150,64,186,100,5887,160,1,2013,74,35,484,465,0,0,0,0,0,0,72,56,32,0,143,8,36,19,1624752000
1640,0,10,37,1175,5071,127,189,150,64,186,100,5887,160,1,2017,74,35,484,465,0,0,0,0,0,0,72,56,32,0,143,8,36,19,1624838400
1641,0,10,37,1175,5071,127,189,150,64,186,100,5887,160,1,2021,74,35,484,465,0,0,0,0,0,0,72,56,32,0,143,8,36,19,1624924800
1642,0,10,37,1175,5071,127,189,150,64,186,100,5887,160,1,2026,74,35,484,465,0,0,0,0,0,0,72,56,32,0,143,8,36,19,1625011200
1643,0,10,37,1175,5071,127,189,150,64,186,100,5887,160,1,2026,74,35,484,465,0,0,0,0,0,0,72,56,32,0,143,8,36,19,1625097600
1644,0,10,37,1175,5071,127,189,150,64,186,100,5887,160,1,2026,74,35,484,465,0,0,0,0,0,0,72,56,32,0,143,8,36,19,1625184000
1645,0,10,37,1175,5071,127,189,150,64,186,100,5887,160,1,2026,74,35,484,465,0,0,0,0,0,0,71,56,32,0,143,8,36,19,1625270400
1646,0,10,37,1175,5071,127,189,150,64,186,100,5887,160,1,2026,74,35,484,465,0,0,0,0,0,0,72,56,32,0,143,8,36,19,1625356800
1647,0,10,37,1175,5071,127,189,150,64,186,100,5887,160,1,2025,74,35,484,465,0,0,0,0,0,0,72,56,32,0,143,8,36,19,1625443200
1648,0,10,37,1175,5071,127,189,150,64,186,100,5887,160,1,2026,74,35,484,465,0,0,0,0,0,0,72,56,32,0,143,8,36,19,1625529600
1649,0,10,37,1175,5072,127,189,150,64,186,100,5888,160,1,2027,74,35,484,465,0,0,0,0,0,0,72,56,32,0,143,8,36,19,1625616000
1650,0,10,37,1175,5072,127,189,150,64,186,100,5888,160,1,2029,74,35,484,465,0,0,0,0,0,0,72,56,32,0,143,8,36,19,1625702400
1651,0,10,37,1175,5072,127,189,150,64,186,100,5888,160,1,2030,74,35,484,465,0,0,0,0,0,0,72,56,32,0,143,8,36,19,1625788800
1652,0,10,37,1175,5072,127,189,150,64,186,100,5888,160,1,2030,74,35,484,465,0,0,0,0,0,0,72,56,32,0,143,8,36,19,1625875200
1653,0,10,37,1175,5072,127,189,150,64,186,100,5888,160,1,2030,74,35,484,465,0,0,0,0,0,0,72,56,32,0,143,8,36,19,1625961600
1654,0,10,37,1175,5072,127,189,150,64,186,100,5888,160,1,2033,75,35,484,465,0,0,0,0,0,0,72,56,32,0,143,8,36,19,1626048000
1655,0,10,37,1175,5072,127,189,150,64,186,100,5888,160,1,2032,75,35,484,465,0,0,0,0,0,0,72,56,32,0,143,8,36,19,1626134400
1656,0,10,37,1175,5072,127,189,150,64,186,100,5888,160,1,2031,75,35,484,465,0,0,0,0,0,0,72,56,32,0,143,8,36,19,1626220800
1657,0,10,37,1175,5072,127,189,150,64,186,100,5888,160,1,2031,75,35,484,465,0,0,0,0,0,0,72,56,32,0,143,8,36,19,1626307200
1658,0,10,37,1175,5072,127,189,150,64,186,100,5888,160,1,2031,75,35,484,465,0,0,0,0,0,0,72,56,32,0,143,8,36,19,1626393600
1659,0,10,37,1175,5072,127,189,150,64,186,100,5888,160,1,2031,75,35,484,465,0,0,0,0,0,0,72,56,32,0,143,8,36,19,1626480000
1660,0,10,37,1175,5072,127,189,150,64,186,100,5888,160,1,2031,75,35,484,465,0,0,0,0,0,0,72,56,32,0,143,8,36,19,1626566400
1661,0,10,37,1175,5072,127,189,150,64,186,100,5888,160,1,2029,75,35,484,465,0,0,0,0,0,0,72,56,32,0,143,8,36,19,1626652800
1662,0,10,37,1175,5072,127,189,150,64,186,100,5888,160,1,2030,75,35,484,465,0,0,0,0,0,0,72,56,32,0,143,8,36,19,1626739200
1663,0,10,37,1175,5072,127,189,150,64,186,100,5888,160,1,2031,75,35,484,465,0,0,0,0,0,0,72,56,32,0,143,8,36,19,1626825600
1664,0,10,37,1175,5072,127,189,150,64,186,100,5888,160,1,2031,75,35,484,465,0,0,0,0,0,0,72,56,32,0,143,8,36,19,1626912000
1665,0,10,37,1175,5072,127,189,150,64,186,100,5888,160,1,2030,75,35,484,465,0,0,0,0,0,0,72,56,32,0,143,8,36,19,1626998400
1666,0,10,37,1175,5072,127,189,150,64,186,100,5888,160,1,2029,75,35,485,465,0,0,0,0,0,0,72,56,32,0,143,8,36,19,1627084800
1667,0,10,37,1175,5072,127,189,150,64,186,100,5888,160,1,2028,75,35,485,465,0,0,0,0,0,0,72,56,32,0,143,8,36,19,1627171200
1668,0,10,37,1175,5072,127,189,150,64,186,100,5888,160,1,2027,75,35,485,465,0,0,0,0,0,0,72,56,32,0,143,8,36,19,1627257600
1669,0,10,37,1175,5072,127,189,150,64,186,100,5888,160,1,2027,75,35,485,465,0,0,0,0,0,0,72,56,32,0,143,8,36,19,1627344000
1670,0,10,37,1175,5072,127,189,150,64,186,100,5888,160,1,2027,75,35,485,465,0,0,0,0,0,0,72,56,32,0,143,8,36,19,1627430400
1671,0,10,37,1175,5072,127,189,150,64,186,100,5888,160,1,2027,75,35,485,465,0,0,0,0,0,0,72,56,32,0,143,8,36,19,1627516800
1672,0,10,37,1175,5072,127,189,150,64,186,100,5888,160,1,2029,75,35,485,465,0,0,0,0,0,0,71,56,32,0,143,8,36,19,1627603200
1673,0,10,37,1175,5072,127,189,150,64,186,100,5888,160,1,2029,75,35,485,465,0,0,0,0,0,0,71,56,32,0,143,8,36,19,1627689600
1674,0,10,37,1175,5072,127,189,150,64,186,100,5888,160,1,2029,75,35,485,465,0,0,0,0,0,0,71,56,32,0,143,8,36,19,1627776000
1675,0,10,37,1175,5072,127,189,150,64,186,100,5888,160,1,2030,75,35,485,466,0,0,0,0,0,0,71,56,32,0,143,8,36,19,1627862400
1676,0,10,37,1175,5072,127,189,150,64,186,100,5888,160,1,2031,75,35,484,465,0,0,0,0,0,0,71,56,32,0,143,8,36,19,1627948800
1677,0,10,37,1175,5072,127,189,150,64,186,100,5888,160,1,2031,75,35,484,465,0,0,0,0,0,0,71,56,32,0,143,8,36,19,1628035200
1678,0,10,37,1175,5072,127,189,150,64,186,100,5888,160,1,2030,75,35,484,465,0,0,0,0,0,0,71,56,32,0,143,8,36,19,1628121600
1679,0,10,37,1175,5072,127,189,150,64,186,100,5888,160,1,2030,75,35,484,465,0,0,0,0,0,0,71,56,32,0,143,8,36,19,1628208000
1680,0,10,37,1175,5072,127,189,150,64,186,100,5888,160,1,2031,75,35,485,465,0,0,0,0,0,0,71,56,32,0,143,8,36,19,1628294400
1681,0,10,37,1175,5072,127,189,150,64,186,100,5888,160,1,2033,75,35,485,465,0,0,0,0,0,0,71,56,32,0,143,8,36,19,1628380800
1682,0,10,37,1175,5072,127,189,150,64,186,100,5888,160,1,2032,75,35,485,465,0,0,0,0,0,0,71,56,32,0,143,8,36,19,1628467200
1683,0,10,37,1175,5072,127,189,150,64,186,100,5888,160,1,2031,75,35,486,465,0,0,0,0,0,0,71,56,32,0,143,8,36,19,1628553600
1684,0,10,37,1175,5073,127,189,150,64,186,100,5889,160,1,2031,75,35,486,465,0,0,0,0,0,0,71,56,32,0,143,8,36,19,1628640000
1685,0,10,37,1175,5073,127,189,150,64,186,100,5889,160,1,2033,75,35,486,465,0,0,0,0,0,0,71,56,32,0,143,8,36,19,1628726400
1686,0,10,37,1175,5073,127,189,150,64,186,100,5889,160,1,2034,75,35,486,465,0,0,0,0,0,0,71,56,32,0,143,8,36,19,1628812800
1687,0,10,37,1175,5073,127,189,150,64,186,100,5889,160,1,2033,75,35,486,465,0,0,0,0,0,0,71,56,32,0,143,8,36,19,1628899200
1688,0,10,37,1175,5073,127,189,150,64,186,100,5889,160,1,2033,75,35,486,465,0,0,0,0,0,0,71,56,32,0,143,8,36,19,1628985600
1689,0,10,37,1175,5073,127,189,150,64,186,100,5889,160,1,2034,75,35,486,465,0,0,0,0,0,0,71,56,32,0,143,8,36,19,1629072000
1690,0,10,37,1175,5073,127,189,150,64,186,100,5889,160,1,2037,75,35,486,465,0,0,0,0,0,0,71,56,32,0,143,8,36,19,1629158400
1691,0,10,37,1175,5073,127,189,150,64,186,100,5889,160,1,2038,75,35,486,465,0,0,0,0,0,0,73,56,32,0,143,8,36,19,1629244800
1692,0,10,37,1175,5073,127,189,150,64,186,100,5889,160,1,2036,75,35,486,465,0,0,0,0,0,0,73,56,32,0,143,8,36,19,1629331200
1693,0,10,37,1175,5073,127,189,150,64,186,100,5889,160,1,2036,75,35,486,465,0,0,0,0,0,0,73,56,32,0,143,8,36,19,1629417600
1694,0,10,37,1175,5073,127,189,150,64,186,100,5889,160,1,2036,75,35,486,465,0,0,0,0,0,0,73,56,32,0,143,8,36,19,1629504000
1695,0,10,37,1175,5073,127,189,150,64,186,100,5889,160,1,2036,75,35,486,465,0,0,0,0,0,0,73,56,32,0,143,8,36,19,1629590400
1696,0,10,37,1175,5073,127,189,150,64,186,100,5889,160,1,2036,75,35,486,465,0,0,0,0,0,0,73,56,32,0,143,8,36,19,1629676800
1697,0,10,37,1175,5073,127,189,150,64,186,100,5889,160,1,2036,75,35,486,465,0,0,0,0,0,0,73,56,32,0,143,8,36,19,1629763200
1698,0,10,37,1175,5073,127,189,150,64,186,100,5889,160,1,2035,75,0,486,465,0,0,0,0,0,0,73,56,32,0,143,8,36,19,1629849600
1699,0,10,37,1175,5073,127,189,150,64,186,100,5889,160,1,2035,75,35,486,465,0,0,0,0,0,0,73,56,32,0,143,8,36,19,1629936000
1700,0,10,37,1175,5073,127,189,150,64,186,100,5889,160,1,2035,75,35,486,465,0,0,0,0,0,0,73,56,32,0,143,8,36,19,1630022400
1701,0,10,37,1175,5073,127,189,150,64,186,100,5889,160,1,2035,75,35,486,466,0,0,0,0,0,0,73,56,32,0,143,8,36,19,1630108800
1702,0,10,37,1175,5073,127,189,150,64,186,100,5889,160,1,2037,75,35,486,466,0,0,0,0,0,0,73,56,32,0,143,8,36,19,1630195200
1703,0,10,37,1175,5073,127,189,150,64,186,100,5889,160,1,2039,75,35,486,467,0,0,0,0,0,0,73,56,32,0,143,8,36,19,1630281600
1704,0,10,37,1175,5073,127,189,150,64,186,100,5889,160,1,2040,78,35,486,467,0,0,0,0,0,0,73,56,32,0,143,8,36,19,1630368000
1705,0,10,37,1175,5073,127,189,150,64,186,100,5889,160,1,2040,78,35,486,467,0,0,0,0,0,0,73,56,32,0,143,8,36,19,1630454400
1706,0,10,37,1175,5073,127,189,150,64,186,100,5889,160,1,2040,78,35,486,467,0,0,0,0,0,0,73,56,32,0,143,8,36,19,1630540800
1707,0,10,37,1175,5073,127,189,150,64,186,100,5889,160,1,2040,78,35,486,467,0,0,0,0,0,0,73,56,32,0,143,8,36,19,1630627200
1708,0,10,37,1175,5073,127,189,150,64,186,100,5889,160,1,2040,78,35,486,467,0,0,0,0,0,0,73,56,32,0,143,8,36,19,1630713600
1709,0,10,37,1175,5073,127,189,150,64,186,100,5889,160,1,2040,78,35,486,469,0,0,0,0,0,0,73,56,32,0,143,8,36,19,1630800000
1710,0,10,37,1175,5073,127,189,150,64,186,100,5889,160,1,2040,78,35,486,469,0,0,0,0,0,0,73,56,32,0,143,8,36,19,1630886400
1711,0,10,37,1175,5073,127,189,150,64,186,100,5889,160,1,2042,78,35,486,469,0,0,0,0,0,0,73,56,32,0,143,8,36,19,1630972800
1712,0,10,37,1175,5073,127,189,150,64,186,100,5889,160,1,2044,78,35,486,469,0,0,0,0,0,0,73,56,32,0,143,8,36,19,1631059200
1713,0,10,37,1175,5073,127,189,150,64,186,100,5889,160,1,2042,78,35,486,469,0,0,0,0,0,0,73,56,32,0,143,8,36,19,1631145600
1714,0,10,37,1175,5073,127,189,150,64,186,100,5889,160,1,2042,78,35,486,469,0,0,0,0,0,0,73,56,32,0,143,8,36,19,1631232000
1715,0,10,37,1175,5073,127,189,150,64,186,100,5889,160,1,2043,78,35,486,469,0,0,0,0,0,0,73,56,32,0,143,8,36,19,1631318400
1716,0,10,37,1175,5073,127,189,150,64,186,100,5889,160,1,2042,78,35,486,469,0,0,0,0,0,0,73,56,32,0,143,8,36,19,1631404800
1717,0,10,37,1175,5073,127,189,150,64,186,100,5889,160,1,2042,78,35,488,469,0,0,0,0,0,0,73,56,32,0,143,8,36,19,1631491200
1718,0,10,37,1175,5073,127,189,150,64,186,100,5889,160,1,2042,78,35,488,469,0,0,0,0,0,0,73,56,32,0,143,8,36,19,1631577600
1719,0,10,37,1175,5073,127,189,150,64,186,100,5889,160,1,2042,78,35,488,469,0,0,0,0,0,0,73,56,32,0,143,8,36,19,1631664000
1720,0,10,37,1175,5073,127,189,150,64,186,100,5889,160,1,2041,78,35,488,469,0,0,0,0,0,0,73,56,32,0,143,8,36,19,1631750400
1721,0,10,37,1175,5074,128,190,150,64,186,100,5892,160,1,2042,78,35,488,469,0,0,0,0,0,0,73,56,32,0,143,8,36,19,1631836800
1722,0,10,37,1175,5074,128,190,150,64,186,100,5892,160,1,2042,78,35,488,469,0,0,0,0,0,0,73,56,32,0,143,8,36,19,1631923200
1723,0,10,37,1175,5074,128,190,150,64,186,100,5892,160,1,2044,78,35,488,469,0,0,0,0,0,0,73,56,32,0,143,8,36,19,1632009600
1724,0,10,37,1175,5074,128,190,150,64,186,100,5892,160,1,2044,78,35,488,469,0,0,0,0,0,0,73,56,32,0,143,8,36,19,1632096000
1725,0,10,37,1175,5074,128,190,150,64,186,100,5892,160,1,2045,78,35,488,469,0,0,0,0,0,0,73,56,32,0,143,8,36,19,1632182400
1726,0,10,37,1175,5074,128,190,150,64,186,100,5892,160,1,2044,78,35,488,469,0,0,0,0,0,0,73,56,32,0,143,8,36,19,1632268800
1727,0,10,37,1175,5074,128,190,150,64,186,100,5892,160,1,2045,78,35,488,469,0,0,0,0,0,0,73,56,32,0,143,8,36,19,1632355200
1728,0,10,37,1175,5074,128,190,150,64,186,100,5892,160,1,2044,78,35,488,469,0,0,0,0,0,0,73,56,32,0,143,8,36,19,1632441600
1729,0,10,37,1175,5074,128,190,150,64,186,100,5892,160,1,2046,78,35,488,469,0,0,0,0,0,0,73,56,32,0,143,8,36,19,1632528000
1730,0,10,37,1175,5074,128,190,150,64,186,100,5892,160,1,2047,78,35,488,469,0,0,0,0,0,0,73,56,32,0,143,8,36,19,1632614400
1731,0,10,37,1175,5074,128,190,150,64,186,100,5892,160,1,2047,78,35,488,469,0,0,0,0,0,0,73,56,32,0,143,8,36,19,1632700800
1732,0,10,37,1175,5074,128,190,150,64,186,100,5892,160,1,2046,78,35,488,469,0,0,0,0,0,0,73,56,32,0,143,8,36,19,1632787200
1733,0,10,37,1175,5074,128,190,150,64,186,100,5892,160,1,2046,78,35,488,469,0,0,0,0,0,0,73,56,32,0,143,8,36,19,1632873600
1734,0,10,37,1175,5074,128,190,150,64,186,100,5892,160,1,2044,78,35,488,469,0,0,0,0,0,0,73,56,32,0,143,8,36,19,1632960000
1735,0,10,37,1175,5074,128,190,150,64,186,100,5892,160,1,2042,78,35,488,469,0,0,0,0,0,0,73,56,32,0,143,8,36,19,1633046400
1736,0,10,37,1175,5074,128,190,150,64,186,100,5892,160,1,2045,78,35,488,469,0,0,0,0,0,0,73,56,32,0,143,8,36,19,1633132800
1737,0,10,37,1175,5074,128,190,150,64,186,100,5892,160,1,2046,78,35,488,469,0,0,0,0,0,0,73,56,32,0,143,8,36,19,1633219200
1738,0,10,37,1175,5075,128,190,150,64,186,100,5893,160,1,2045,78,35,488,469,0,0,0,0,0,0,73,56,32,0,143,8,36,19,1633305600
1739,0,10,37,1175,5075,128,190,150,64,186,100,5893,160,1,2047,78,35,489,470,0,0,0,0,0,0,73,56,32,0,143,8,36,19,1633392000
1740,0,10,37,1175,5076,128,190,150,64,186,100,5894,160,1,2047,78,35,489,470,0,0,0,0,0,0,73,56,32,0,143,8,36,19,1633478400
1741,0,10,37,1175,5076,128,190,150,64,186,100,5894,160,1,2047,78,35,489,470,0,0,0,0,0,0,73,56,32,0,143,8,36,19,1633564800
1742,0,10,37,1175,5076,128,190,150,64,186,100,5894,160,1,2048,78,35,489,470,0,0,0,0,0,0,73,56,32,0,143,8,36,19,1633651200
1743,0,10,37,1175,5076,128,190,150,64,186,100,5894,160,1,2048,78,35,489,470,0,0,0,0,0,0,73,56,32,0,143,8,36,19,1633737600
1744,0,10,37,1175,5077,128,190,150,64,186,100,5895,160,1,2048,78,35,489,470,0,0,0,0,0,0,73,56,32,0,143,8,36,19,1633824000
1745,0,10,37,1175,5078,128,190,150,64,186,100,5896,160,1,2049,78,36,489,470,0,0,0,0,0,0,73,56,32,0,143,8,36,19,1633910400
1746,0,10,37,1175,5078,128,190,150,64,186,100,5896,160,1,2049,78,36,489,470,0,0,0,0,0,0,73,56,32,0,143,8,36,19,1633996800
1747,0,10,37,1175,5078,128,190,150,64,186,100,5896,160,1,2050,78,36,490,470,0,0,0,0,0,0,73,56,32,0,143,8,36,19,1634083200
1748,0,10,37,1175,5078,128,190,150,64,186,100,5896,160,1,2053,78,36,490,470,0,0,0,0,0,0,73,56,32,0,143,8,36,19,1634169600
1749,0,10,37,1175,5078,128,190,150,64,186,100,5896,160,1,2057,78,36,490,470,0,0,0,0,0,0,73,56,32,0,143,8,36,19,1634256000
1750,0,10,37,1175,5079,128,190,150,64,186,100,5897,160,1,2056,78,36,490,470,0,0,0,0,0,0,73,56,32,0,143,8,36,19,1634342400
1751,0,10,37,1175,5079,128,190,150,64,186,100,5897,160,1,2056,78,36,490,470,0,0,0,0,0,0,73,56,32,0,143,8,36,19,1634428800
1752,0,10,37,1175,5079,128,190,150,64,186,100,5897,160,1,2056,78,36,490,470,0,0,0,0,0,0,73,56,32,0,143,8,36,19,1634515200
1753,0,10,38,1200,5080,128,190,150,64,186,100,5898,160,1,2055,78,36,490,470,0,0,0,0,0,0,73,56,32,0,143,8,36,19,1634601600
1754,0,10,38,1200,5080,128,190,150,64,186,100,5898,160,1,2054,78,36,490,470,0,0,0,0,0,0,73,56,32,0,143,8,36,19,1634688000
1755,0,10,38,1200,5080,128,190,150,64,186,100,5898,160,1,2054,78,36,490,470,0,0,0,0,0,0,73,56,32,0,143,8,36,19,1634774400
1756,0,10,38,1200,5080,128,190,150,64,186,100,5898,160,1,2054,78,36,490,470,0,0,0,0,0,0,73,56,32,0,143,8,36,19,1634860800
1757,0,10,38,1200,5080,128,190,150,64,186,100,5898,160,1,2055,78,36,490,470,0,0,0,0,0,0,73,56,32,0,143,8,36,19,1634947200
1758,0,10,38,1200,5080,128,190,150,64,186,100,5898,160,1,2055,78,36,490,470,0,0,0,0,0,0,73,56,32,0,143,8,36,19,1635033600
1759,0,10,38,1200,5080,128,190,150,64,186,100,5898,160,1,2056,78,36,490,470,0,0,0,0,0,0,73,56,32,0,143,8,36,19,1635120000
1760,0,10,38,1200,5080,128,190,150,64,186,100,5898,160,1,2058,78,36,490,470,0,0,0,0,0,0,73,56,32,0,143,8,36,19,1635206400
1761,0,10,38,1200,5080,128,190,150,64,186,100,5898,160,1,2055,78,36,490,470,0,0,0,0,0,0,73,56,32,0,143,8,36,19,1635292800
1762,0,10,38,1200,5080,128,190,150,64,186,100,5898,160,1,2053,78,36,490,470,0,0,0,0,0,0,73,56,32,0,143,8,36,19,1635379200
1763,0,10,38,1200,5080,128,190,150,64,186,100,5898,160,1,2052,78,36,490,470,0,0,0,0,0,0,73,56,32,0,143,8,36,19,1635465600
1764,0,10,38,1200,5080,128,190,150,64,186,100,5898,160,1,2053,78,0,490,470,0,0,0,0,0,0,73,56,32,0,143,8,36,19,1635552000
1765,0,10,38,1200,5080,128,190,150,64,186,100,5898,160,1,2054,78,36,490,470,0,0,0,0,0,0,73,56,32,0,143,8,36,19,1635638400
1766,0,10,38,1200,5080,128,190,150,64,186,100,5898,160,1,2055,78,36,490,470,0,0,0,0,0,0,73,56,32,0,143,8,36,19,1635724800
1767,0,10,38,1200,5080,128,190,150,64,186,100,5898,160,1,2058,78,36,490,470,0,0,0,0,0,0,73,56,32,0,143,8,36,19,1635811200
1768,0,10,38,1200,5080,128,190,150,64,186,100,5898,160,1,2058,78,36,490,470,0,0,0,0,0,0,73,56,32,0,143,8,36,19,1635897600
1769,0,10,38,1200,5080,128,190,150,64,186,100,5898,160,1,2060,78,36,490,470,0,0,0,0,0,0,73,56,32,0,143,8,36,19,1635984000
1770,0,10,38,1200,5080,128,190,150,64,186,100,5898,160,1,2061,78,36,490,470,0,0,0,0,0,0,73,56,32,0,143,8,36,19,1636070400
1771,0,10,38,1200,5080,128,190,150,64,186,100,5898,160,1,2061,78,36,490,470,0,0,0,0,0,0,73,56,32,0,143,8,36,19,1636156800
1772,0,10,38,1200,5080,128,190,150,64,186,100,5898,160,1,2066,78,36,490,470,0,0,0,0,0,0,73,56,32,0,143,8,36,19,1636243200
1773,0,10,38,1200,5081,128,190,150,64,186,100,5899,160,1,2068,78,36,491,470,0,0,0,0,0,0,73,56,32,0,143,8,36,19,1636329600
1774,0,10,38,1200,5081,128,190,150,64,186,100,5899,160,1,2068,78,36,491,470,0,0,0,0,0,0,73,56,32,0,143,8,36,19,1636416000
1775,0,10,38,1200,5081,128,190,150,64,186,100,5899,160,1,2069,78,36,491,470,0,0,0,0,0,0,73,56,32,0,143,8,36,19,1636502400
1776,0,10,38,1200,5081,128,190,150,64,186,100,5899,160,1,2069,78,36,491,470,0,0,0,0,0,0,73,56,32,0,143,8,36,19,1636588800
1777,0,10,38,1200,5081,128,190,150,64,186,100,5899,160,1,2071,78,36,491,470,0,0,0,0,0,0,73,56,32,0,143,8,36,19,1636675200
1778,0,10,38,1200,5081,128,190,150,64,186,100,5899,160,1,2075,78,36,491,470,0,0,0,0,0,0,73,56,32,0,143,8,36,19,1636761600
1779,0,10,38,1200,5081,128,190,150,64,186,100,5899,160,1,2077,78,36,491,470,0,0,0,0,0,0,73,56,32,0,143,8,36,19,1636848000
1780,0,10,38,1200,5081,128,190,150,64,186,100,5899,160,1,2077,78,36,491,470,0,0,0,0,0,0,73,56,32,0,143,8,36,19,1636934400
1781,0,10,38,1200,5081,128,190,150,64,186,100,5899,160,1,2077,78,36,491,470,0,0,0,0,0,0,73,56,32,0,143,8,36,19,1637020800
1782,0,10,38,1200,5081,128,190,150,64,186,100,5899,160,1,2075,78,36,491,470,0,0,0,0,0,0,73,56,32,0,143,8,36,19,1637107200
1783,0,10,38,1200,5081,128,190,150,64,186,100,5899,160,1,2074,78,36,491,470,0,0,0,0,0,0,73,56,32,0,143,8,36,19,1637193600
1784,0,10,38,1200,5081,128,190,150,64,186,100,5899,160,1,2073,78,36,491,470,0,0,0,0,0,0,73,56,32,0,143,8,36,19,1637280000
1785,0,10,38,1200,5081,128,190,150,64,186,100,5899,160,1,2077,78,36,491,470,0,0,0,0,0,0,73,56,32,0,143,8,36,19,1637366400
1786,0,10,38,1200,5081,128,190,150,64,186,100,5899,160,1,2074,78,36,491,470,0,0,0,0,0,0,73,56,32,0,143,8,36,19,1637452800
1787,0,10,38,1200,5081,128,190,150,64,186,100,5899,160,1,2075,78,36,491,470,0,0,0,0,0,0,73,56,32,0,143,8,36,19,1637539200
1788,0,10,38,1200,5081,128,190,151,64,186,100,5900,160,1,2076,78,36,491,470,0,0,0,0,0,0,73,56,32,0,143,8,36,19,1637625600
1789,0,10,38,1200,5081,128,190,151,64,186,100,5900,160,1,2078,78,36,491,470,0,0,0,0,0,0,73,56,32,0,143,8,36,19,1637712000
1790,0,10,38,1200,5081,128,190,151,64,186,100,5900,160,1,2077,78,36,491,470,0,0,0,0,0,0,73,56,32,0,143,8,36,19,1637798400
1791,0,10,38,1200,5081,128,190,151,64,186,100,5900,160,1,2077,78,36,491,470,0,0,0,0,0,0,73,56,32,0,143,8,36,19,1637884800
1792,0,10,38,1200,5081,128,190,151,64,186,100,5900,160,1,2078,78,36,491,470,0,0,0,0,0,0,73,56,32,0,143,8,36,19,1637971200
1793,0,10,38,1200,5081,128,190,151,64,186,100,5900,160,1,2082,78,36,491,470,0,0,0,0,0,0,73,56,32,0,143,8,36,19,1638057600
1794,0,10,38,1200,5081,128,190,151,64,186,100,5900,160,1,2084,78,0,491,470,0,0,0,0,0,0,73,56,32,0,143,8,36,19,1638144000
1795,0,10,38,1200,5081,128,190,151,64,186,100,5900,160,1,2084,78,37,491,470,0,0,0,0,0,0,73,56,32,0,143,8,36,19,1638230400
1796,0,10,38,1200,5081,128,190,151,64,186,100,5900,160,1,2085,78,37,489,470,0,0,0,0,0,0,73,56,32,0,143,8,36,19,1638316800
1797,0,10,38,1200,5081,128,190,151,64,186,100,5900,160,1,2086,78,36,489,470,0,0,0,0,0,0,73,56,32,0,143,8,36,19,1638403200
1798,0,10,38,1200,5081,128,190,151,64,186,100,5900,160,1,2086,78,36,489,470,0,0,0,0,0,0,73,56,32,0,143,8,36,19,1638489600
1799,0,10,38,1200,5081,128,190,151,64,186,100,5900,160,1,2086,78,36,489,470,0,0,0,0,0,0,73,56,32,0,143,8,36,19,1638576000
1800,0,10,38,1200,5081,128,190,151,64,186,100,5900,160,1,2084,78,36,486,470,0,0,0,0,0,0,73,56,32,0,143,8,36,19,1638662400
1801,0,10,38,1200,5081,128,190,151,64,186,100,5900,160,1,2083,78,36,486,470,0,0,0,0,0,0,73,56,32,0,143,8,36,19,1638748800
1802,0,10,38,1200,5081,128,190,151,64,186,100,5900,160,1,2081,78,36,486,470,0,0,0,0,0,0,73,56,32,0,143,8,36,19,1638835200
1803,0,10,38,1200,5081,128,190,151,64,186,100,5900,160,1,2082,78,0,486,470,0,0,0,0,0,0,73,56,32,0,143,8,36,19,1638921600
1804,0,10,38,1200,5081,128,190,151,64,186,100,5900,160,1,2083,78,36,486,470,0,0,0,0,0,0,73,56,32,0,143,8,36,19,1639008000
1805,0,10,38,1200,5081,128,190,151,64,186,100,5900,160,1,2083,78,36,486,470,0,0,0,0,0,0,73,56,32,0,143,8,36,19,1639094400
1806,0,10,38,1200,5081,128,190,151,64,186,100,5900,160,1,2082,78,36,486,470,0,0,0,0,0,0,73,56,32,0,143,8,36,19,1639180800
1807,0,10,38,1200,5081,128,190,151,64,186,100,5900,160,1,2081,78,36,486,470,0,0,0,0,0,0,73,56,32,0,143,8,36,19,1639267200
1808,0,10,38,1200,5082,128,190,151,64,187,100,5902,160,1,2080,78,36,486,470,0,0,0,0,0,0,73,56,32,0,143,8,36,19,1639353600
1809,0,10,38,1200,5082,128,190,151,64,187,100,5902,160,1,2081,78,36,486,472,0,0,0,0,0,0,73,56,32,0,143,8,36,19,1639440000
1810,0,10,38,1200,5082,128,190,151,64,187,100,5902,160,1,2080,78,36,486,472,0,0,0,0,0,0,73,56,32,0,143,8,36,19,1639526400
1811,0,10,38,1200,5082,128,190,151,64,187,100,5902,160,1,2080,78,36,486,472,0,0,0,0,0,0,73,56,32,0,143,8,36,19,1639612800
1812,0,10,38,1200,5082,128,190,151,64,187,100,5902,160,1,2079,78,36,486,472,0,0,0,0,0,0,73,56,32,0,143,8,36,19,1639699200
1813,0,10,38,1200,5082,128,190,151,64,187,100,5902,160,1,2080,78,36,486,472,0,0,0,0,0,0,73,56,32,0,143,8,36,19,1639785600
1814,0,10,38,1200,5082,128,190,151,64,187,100,5902,160,1,2079,78,36,486,472,0,0,0,0,0,0,73,56,32,0,143,8,36,19,1639872000
1815,0,10,38,1200,5082,128,190,151,64,187,100,5902,160,1,2081,78,36,486,472,0,0,0,0,0,0,73,56,32,0,143,8,36,19,1639958400
1816,0,10,38,1200,5082,128,190,151,64,187,100,5902,160,1,2082,78,36,486,472,0,0,0,0,0,0,73,56,32,0,143,8,36,19,1640044800
1817,0,10,38,1200,5082,128,190,153,64,187,100,5904,160,1,2082,78,36,486,472,0,0,0,0,0,0,73,56,32,0,143,8,36,19,1640131200
1818,0,10,38,1200,5082,128,190,154,64,187,100,5905,160,1,2082,78,36,486,472,0,0,0,0,0,0,73,56,32,0,143,8,36,19,1640217600
1819,0,10,38,1200,5082,128,190,154,64,187,100,5905,160,1,2083,78,36,486,472,0,0,0,0,0,0,73,56,32,0,143,8,36,19,1640304000
1820,0,10,38,1200,5082,128,190,154,64,187,100,5905,160,1,2085,78,36,486,472,0,0,0,0,0,0,73,56,32,0,143,8,36,19,1640390400
1821,0,10,38,1200,5082,128,190,154,64,187,100,5905,160,1,2085,78,36,486,472,0,0,0,0,0,0,73,56,32,0,143,8,36,19,1640476800
1822,0,10,38,1200,5083,128,190,154,64,187,100,5906,160,1,2085,78,36,486,472,0,0,0,0,0,0,73,56,32,0,143,8,36,19,1640563200
1823,0,10,38,1200,5083,128,190,154,64,187,100,5906,160,1,2085,79,36,486,472,0,0,0,0,0,0,73,56,32,0,143,8,36,19,1640649600
1824,0,10,38,1200,5083,128,190,154,64,187,100,5906,160,1,2085,79,36,486,472,0,0,0,0,0,0,73,56,32,0,143,8,36,19,1640736000
1825,0,10,38,1200,5083,128,190,154,64,187,100,5906,160,1,2089,79,36,486,472,0,0,0,0,0,0,73,56,32,0,143,8,36,19,1640822400
